1.335116527656588873e-06,1.568093223780488927e-06,1.656087130300528580e-06,8.215271959819951149e-07,1.590597039636504200e-06,1.392612068504125170e-06,1.332977014722221197e-06,1.085993512411427229e-06,1.134795171310223358e-06,1.783919001083768149e-06,1.379595293002862406e-06,1.743955357603728344e-06,1.443618584066973523e-06,1.225228625547136388e-06,1.405531418076323990e-06,1.411160958934923388e-06,1.278794045780430998e-06,9.469210615262476427e-07,8.480928246953892670e-07,1.583182374115540325e-06,1.660684556632927716e-06,1.379943656745781257e-06,1.300498034623939657e-06,1.520681840276734650e-06,1.501544868992703199e-06,1.393853125269938611e-06,1.610782191289685250e-06,1.323510458796887053e-06,1.539517456957977158e-06,1.113278946149954334e-06,1.557621410715697392e-06,1.208038169480420556e-06,1.715033918187365273e-06,1.471104219108348156e-06,1.927824446137998550e-06,1.902204881409473935e-06,1.296664309465376874e-06,1.791523143703624880e-06,1.271046714852328843e-06,1.627656021445791240e-06,1.107262663590748678e-06,1.507643137967080032e-06,1.386598433326011462e-06,1.361689289779475956e-06,2.332495710645926584e-06,1.633989700348650678e-06,2.274645753644004287e-06,1.725747066155193062e-06,1.851898773053454028e-06,2.006623444301492382e-06,1.965106244577113437e-06,1.656496700096688212e-06,2.125790181462746699e-06,1.884887946254422068e-06,2.529083616194910249e-06,2.956376987538265122e-06,5.246452211076440540e-06,2.040756708271313640e-06,2.051683961440734041e-06,1.786357708526162322e-06,2.346847941814686741e-06,2.143854323357732012e-06,1.373616066548174429e-06,1.280749032884127127e-06,2.140922892764801869e-06,3.672266128515640548e-06,1.971606025056608103e-06,1.475232485700665519e-06,2.769406547344271289e-06,2.162540951042024741e-06,1.255764631558488878e-06,1.650706177122012335e-06,1.482763175271308836e-06,2.481186376739285044e-06,2.730234776289561254e-06,1.382083554237030232e-06,1.712129503352677060e-06,1.864743408939155227e-06,1.318830181755529969e-06,2.164540894609949371e-06,1.713320956913559304e-06,1.307962180692047134e-06,1.496169511215495355e-06,9.840682807417047751e-07,1.613773741523480386e-06,1.744116778828639880e-06,1.296481863971609426e-06,1.760925873958725773e-06,2.057782349716696009e-06,1.584265470834933839e-06,1.402415229503836358e-06,1.710103559924706543e-06,9.945534171639594025e-07,1.379243164624430939e-06,1.181600422621889355e-06,1.354184943203438683e-06,2.341986820554336717e-06,2.123076419347271395e-06,1.812098352042850693e-06,1.472324967708818673e-06
1.444671806066192573e-06,1.497306454037480738e-06,1.263231421853854298e-06,1.515455455521761307e-06,1.631698215653183915e-06,1.148191887656431875e-06,9.452914689803961086e-07,1.011721068840165594e-06,1.238004147617452664e-06,1.105178236240431209e-06,1.320653257598815308e-06,1.603996566287933022e-06,1.305647639292615744e-06,1.278381206288809989e-06,1.150878925992310914e-06,1.187691068623380964e-06,1.220879543874170448e-06,1.093772609171569773e-06,1.166327510023133114e-06,1.451573686219216413e-06,1.413126713742961705e-06,1.170597685424800185e-06,1.444729969328915480e-06,1.376946916982123732e-06,1.227456633849755969e-06,1.408302058284797231e-06,1.509288011401808417e-06,1.243313033554562183e-06,1.624562643243064987e-06,1.022081516050624192e-06,1.490573625000423629e-06,1.332278635789127063e-06,1.432926656720209245e-06,1.762989883081938935e-06,1.486332105065137001e-06,1.674511309324252750e-06,1.592336710660097812e-06,1.278620798208395073e-06,1.164686871471596142e-06,1.492640817757620205e-06,1.378617036697856033e-06,1.124162220685215067e-06,1.963245295554818637e-06,1.726528262726759282e-06,1.744190696952018327e-06,1.751320528751250036e-06,2.444173755428842634e-06,1.479861847587520681e-06,1.482605848456249677e-06,2.150824059294953329e-06,1.964042695075372524e-06,1.664305154076152658e-06,1.633083605086520826e-06,2.478860316081376293e-06,2.029335676152043284e-06,4.300728778342281103e-06,7.550291803845196119e-06,2.331897227830199295e-06,2.440951442380234618e-06,3.177139836437903031e-06,1.572112539799214985e-06,2.075285208838683721e-06,2.056239830674380276e-06,1.983628771253702273e-06,1.995524872337222672e-06,1.325364821682176641e-06,1.070457988193520160e-06,1.561622086103591150e-06,2.469918726964254063e-06,1.759199347368728573e-06,1.845536796123911198e-06,1.617709753972749474e-06,1.979431662869214547e-06,2.256333438530424167e-06,1.581915744925140171e-06,1.757957433959429566e-06,2.083909028624518873e-06,2.267505496478719226e-06,1.981201726411273771e-06,2.249756375038768568e-06,1.673784740921621278e-06,2.170108678379977832e-06,1.406615433878404700e-06,1.153297442881063842e-06,1.611722539800340766e-06,1.291345338611303210e-06,1.394091004102482623e-06,1.595470626773366889e-06,1.894410378648349063e-06,1.692589657957237616e-06,1.454358628849915037e-06,1.509734798197499437e-06,9.687814529696371512e-07,1.272745637369125061e-06,1.089425315144959452e-06,1.274045834716400805e-06,1.617795981754046015e-06,1.896939388456472561e-06,1.536278855917390328e-06,1.543540250121001221e-06
1.627002878766851652e-06,1.218065172355693603e-06,1.125088058819655487e-06,1.574865110742985342e-06,1.486781256864014350e-06,8.574493892911194525e-07,1.068375237689862459e-06,1.287277396115297808e-06,1.031420205454632980e-06,9.941994635336178458e-07,1.066986875534214198e-06,1.214256908698836833e-06,1.414168254057290750e-06,1.042193264079059592e-06,1.123648884411881214e-06,1.282182567624165402e-06,1.109972410486041521e-06,1.134629988108749130e-06,1.124416780090714766e-06,1.225461813118611111e-06,1.960297260466284342e-06,1.285584262062938469e-06,1.603301332720997970e-06,1.197067403376542740e-06,9.259519793973539373e-07,1.354432852689377095e-06,1.434003771319262359e-06,1.404187197346957691e-06,1.161181963547891085e-06,1.116022673805157298e-06,1.822880309157230475e-06,1.320745585486177632e-06,1.455014620354517733e-06,1.341865259286902439e-06,1.119200993308597309e-06,2.185801868160528306e-06,1.745486369171713754e-06,9.105260372248127205e-07,1.305400693589112581e-06,1.127188190112593253e-06,1.146125829513623326e-06,1.587725453426974023e-06,1.517716846825820921e-06,2.117455701840673615e-06,1.831419932139332938e-06,2.769579385336138032e-06,2.522694762110854440e-06,1.229258752702890502e-06,1.578257421598380722e-06,2.381504392060349226e-06,1.376545442519420678e-06,1.475419942816176398e-06,1.220829882772680610e-06,2.272988924072767053e-06,2.913256452896260936e-06,2.702846995444356969e-06,1.534922987470022148e-06,2.393123700270696913e-06,2.630371808266136120e-06,3.097012022455111166e-06,2.325680765640590292e-06,1.779704247113901085e-06,2.194883420503921012e-06,2.912960972446559355e-06,5.050133528821786083e-06,2.106761981305441708e-06,1.213166180934926396e-06,1.951005116182611373e-06,2.214264028724845139e-06,1.295044283503935800e-06,1.708381921906745576e-06,2.080256345786711228e-06,2.167804373819651234e-06,1.101262508369903624e-06,1.433832562627323293e-06,1.581724782393172300e-06,2.743770670209683436e-06,2.073345646487011654e-06,1.738885599697979446e-06,1.500637420604037493e-06,1.615874560079995804e-06,1.870571571643098789e-06,1.648091523587829009e-06,1.381904220466936562e-06,1.274427884252412812e-06,1.438662331427313436e-06,1.109092661957755882e-06,1.555348942431720876e-06,1.627789922567478804e-06,1.452652423845086230e-06,1.830877761693741820e-06,1.736383628522275135e-06,1.276565559653385849e-06,1.381831649581539343e-06,1.282388647870829067e-06,1.463069109486195305e-06,9.495332594821025891e-07,1.508523994201424905e-06,1.033549192678910322e-06,1.263552001791691535e-06
1.547088377326699821e-06,1.092276956634487559e-06,1.238577811109262556e-06,1.134113725862826931e-06,1.864630298152312310e-06,8.743067670241880022e-07,1.295236731818629653e-06,1.425852103836315206e-06,1.200093400627506088e-06,1.067281146027556669e-06,1.251051497209862471e-06,1.211780622021339508e-06,1.624315615501313119e-06,1.016632050817797119e-06,1.250157567868671709e-06,1.257017610984017579e-06,1.124943559186441011e-06,8.614810821621866027e-07,1.555997969356208008e-06,1.426591384796612156e-06,1.236010998765861762e-06,1.921137684183041304e-06,1.372804540389570744e-06,1.015941503496481139e-06,1.134668285440046488e-06,1.727498638845037033e-06,1.485759990646789225e-06,1.207780745767673407e-06,9.067233577377473373e-07,9.271342789568814985e-07,1.785663420656407105e-06,1.272378494433671557e-06,9.149576043980051904e-07,9.188712494433433970e-07,9.568814810092264669e-07,1.799386756569053363e-06,1.463617933580119517e-06,1.136353783893326043e-06,1.526994971003153103e-06,1.146908587062465186e-06,1.424183555876538298e-06,2.145142626516968189e-06,1.745461390377665707e-06,1.882561340524135446e-06,1.639136074018175313e-06,2.978576441449702644e-06,2.371393196334281719e-06,1.083669911124422268e-06,2.431870455322768721e-06,2.521884904224546981e-06,1.408969976616643495e-06,2.272748551956512701e-06,1.633419566206132812e-06,1.949154977019192875e-06,5.063961990475335940e-06,3.200984863748747663e-06,2.404976764532891555e-06,3.126158153853389036e-06,3.013285886385759408e-06,1.732643190753421950e-06,3.288748183829452710e-06,1.188040508197134298e-06,1.624270772562651714e-06,1.872569909666231944e-06,2.023486559098499166e-06,2.372405753710684306e-06,1.986983661323682326e-06,2.227398140457464789e-06,1.985289211616616912e-06,1.688541792222011352e-06,1.278814102600981157e-06,2.165531675676757809e-06,1.522432155758393375e-06,1.185043642266032513e-06,1.074303230650260519e-06,2.151707101546623297e-06,1.605302429378158420e-06,1.502031967002275341e-06,1.706913908150618093e-06,1.404299393917967156e-06,1.701856439987613543e-06,1.453186545365993743e-06,1.705799133408304152e-06,1.381314500503283781e-06,1.348053169191087998e-06,1.146454354132726215e-06,1.262428885811333937e-06,1.544531076290682291e-06,1.365686709849523934e-06,2.113193459113419445e-06,2.069403133239714425e-06,1.781830801171303369e-06,1.398437998270393468e-06,1.422022709622473294e-06,1.551200108331908419e-06,1.526926542882079655e-06,1.278100613191996207e-06,1.193593119195441227e-06,1.285043672581614542e-06,1.589402279959310857e-06
1.148484346842711875e-06,1.196033593011221341e-06,1.081578565953057130e-06,1.347999844366286604e-06,1.654375300252699964e-06,1.039849284851128809e-06,1.392482568108128928e-06,1.185376654259864761e-06,9.126028927817504915e-07,1.395638956131876141e-06,1.396057421904316393e-06,1.375154113041497487e-06,1.625763539305074739e-06,9.805232013753776450e-07,1.337534996187172686e-06,1.515532204219663668e-06,1.190973080755071512e-06,8.439999375994563045e-07,1.334511740400578943e-06,1.309125803570774626e-06,1.338315534596635802e-06,2.176961473671264693e-06,1.835411695410569366e-06,1.485250080679996952e-06,1.178915857918798109e-06,1.651027165110192125e-06,1.074559334627179538e-06,1.021786221299963797e-06,9.442896114008595191e-07,1.139805283858046786e-06,1.232349811118521929e-06,1.330628505820331690e-06,1.147916508498607437e-06,9.990348219023332778e-07,1.334359243088983086e-06,1.983720597969728025e-06,1.263513066608826974e-06,1.763711012853111547e-06,1.098328835759570467e-06,1.383177273698602900e-06,1.282437088195365250e-06,1.736898355949438712e-06,1.825723338745847561e-06,2.006267412649861584e-06,1.060212149265610635e-06,2.104774391915969266e-06,2.035532996475182180e-06,1.820895482083239333e-06,3.102193710621241888e-06,2.843453204796917015e-06,1.443475502676816060e-06,2.707286277302226000e-06,2.204692131372025108e-06,3.364734521530120569e-06,4.007086271418928092e-06,2.023271682514656529e-06,2.523273204985385023e-06,2.798721676516252448e-06,4.530838793532842488e-06,2.608872932856211167e-06,2.690428785741731318e-06,1.468012407133924985e-06,4.621640930459550912e-06,3.194245756475615580e-06,1.786882886854611308e-06,1.536915696596087398e-06,2.077897585120855157e-06,1.870621491807061952e-06,1.982940565809415134e-06,1.851850761662469772e-06,1.807399138140547854e-06,1.623179282011236312e-06,1.565461659760583944e-06,1.573785784830330694e-06,2.114897056193968196e-06,1.490412904138767253e-06,1.279491161934515152e-06,1.755004673106299924e-06,1.239157541545793899e-06,1.559483661574828723e-06,1.505310978742363417e-06,1.915483172568261767e-06,1.622182472420173928e-06,1.237014406664751595e-06,1.373215999740610830e-06,1.200404902608045959e-06,1.566473767702629054e-06,1.657614521336129004e-06,1.603916739064221252e-06,1.922208018827104871e-06,1.630077789399757275e-06,1.162597448946184032e-06,1.449633095321789665e-06,1.348790972500490144e-06,1.341456980170497144e-06,1.238212448796852499e-06,8.796148993255056127e-07,1.182209717328912927e-06,1.874494462570929467e-06,1.958062128164021778e-06
1.253800132099493992e-06,1.218944303749183675e-06,1.245618649827700667e-06,1.355150232791727892e-06,1.513018722316911979e-06,9.613492692491457526e-07,1.405436318160327404e-06,1.144194078879334655e-06,1.381617079623401477e-06,1.387139858089820624e-06,1.266492057010521159e-06,1.550626574429806827e-06,1.595429980342909556e-06,1.098469846043333398e-06,1.702899001804887246e-06,1.419835471002554409e-06,1.297666213839132697e-06,1.064472864421264599e-06,1.429794111037817881e-06,1.386605557662589753e-06,1.367601280618319468e-06,1.891888298224251922e-06,2.016583655342144552e-06,1.308184183311949461e-06,1.143639612318161521e-06,1.313569587929278907e-06,1.000987697346965423e-06,1.159131293186991797e-06,9.363005532217878818e-07,1.009548013386985454e-06,1.139287111286825667e-06,1.449213001901401105e-06,1.206685750024561841e-06,1.351162249114060017e-06,1.133333478617777883e-06,1.493484079321301544e-06,1.502749479199806015e-06,1.492961477757125330e-06,9.576834001753839771e-07,1.358651223770433636e-06,1.487342072062311636e-06,1.363704325562593653e-06,1.868644343126023481e-06,1.674676518574430196e-06,1.169388976063215560e-06,1.669983073945268658e-06,1.640479934346713940e-06,2.475000905482905998e-06,3.259933195311585879e-06,2.681820360859624143e-06,1.550220592706728872e-06,3.284899236893339254e-06,3.112406591026557795e-06,3.813147470312118938e-06,3.189229515644717346e-06,5.164469237866212698e-06,3.168639107485270383e-06,2.979207651200492814e-06,1.603871727610659343e-06,4.548520174459493633e-06,1.495604838520522180e-06,1.487659573003670360e-06,5.219937512806560346e-06,2.326340273006151096e-06,1.625120386287153440e-06,3.144758385755899477e-06,1.495139692177170785e-06,2.372459914938375931e-06,1.881337862972736035e-06,2.140306627917451110e-06,2.073888126637383904e-06,1.498498231882593898e-06,2.210780066836732579e-06,2.594527542192753845e-06,2.022474047588368667e-06,1.570747984525440000e-06,1.730541771949436268e-06,1.508031643680170119e-06,1.395017403454590205e-06,1.491271525876216156e-06,2.067244236490700415e-06,1.323383361874720335e-06,1.644668922742407467e-06,1.640316546556516188e-06,1.371048991895677021e-06,1.664511665618780833e-06,1.552773519417885141e-06,1.913093510287042433e-06,1.530342725072628485e-06,1.353099919838568160e-06,1.580025808610742024e-06,9.309632882408616359e-07,1.292168091867624814e-06,1.012355723662075088e-06,1.108915946181261574e-06,1.202491098751645420e-06,1.158907575322692538e-06,1.713852372148175112e-06,1.908529187998565997e-06,1.494493253690607169e-06
1.093982521884089414e-06,1.295537680367036126e-06,1.340723276300425093e-06,1.259131210699810225e-06,1.123294398341291082e-06,1.501906080584423512e-06,1.077047115203015947e-06,1.423633724547339303e-06,1.656561814790580658e-06,1.566704461382836607e-06,1.556314627882700916e-06,1.485724099418466343e-06,1.729033355414331525e-06,1.710176921889383516e-06,1.410114404588284505e-06,1.316666051768566375e-06,1.140157176078526717e-06,1.260468876099531039e-06,9.575448135727727571e-07,1.466033844346344970e-06,1.282074558918926148e-06,1.798978786273820734e-06,1.749805301590321637e-06,1.339069567873543864e-06,1.263387999923795129e-06,1.386560957260013201e-06,1.087544166638947108e-06,1.410879860860420634e-06,1.101445570409977794e-06,7.986923804139619069e-07,8.683154426289158410e-07,8.920644270780575011e-07,1.067109217735790624e-06,1.378312740986805082e-06,8.722519632074012241e-07,1.592894629154955706e-06,2.089723590171950971e-06,1.461242154425704683e-06,8.048215730851463110e-07,1.423238416422520365e-06,1.481152043073439131e-06,1.489789796899052367e-06,1.901180583199543471e-06,2.395348840844465054e-06,1.554078088051804114e-06,1.960233672187540774e-06,1.871914538326087179e-06,2.193571225038402533e-06,2.846105702306844765e-06,2.062723386269916880e-06,2.345111061118494401e-06,2.261944543490446694e-06,3.462714947175118994e-06,4.320458530037986560e-06,2.402316285562301079e-06,4.851080529339653448e-06,3.081920200407368309e-06,3.624743324273038773e-06,2.207638700257111805e-06,2.351364841770363645e-06,2.657242364727993573e-06,4.515549090328190743e-06,1.658267066575690002e-06,1.548803623214413485e-06,1.640709462541491474e-06,2.229579977527224124e-06,2.875198142182123784e-06,1.402386739203885042e-06,2.430406457035269263e-06,1.485846165714538458e-06,1.930140443493523551e-06,1.748725455419514024e-06,3.125664726283585932e-06,2.236780042731579116e-06,2.503484032939031667e-06,1.743852696130506470e-06,1.924428773794628108e-06,1.923675177819267583e-06,1.513693143797920723e-06,1.625886120630220905e-06,2.479459898068452275e-06,1.636044628929901129e-06,1.842111617818005140e-06,1.501034808721780874e-06,1.365880104673545518e-06,1.308004915294874140e-06,1.416743265266868587e-06,1.943645731016224376e-06,1.256916074380205410e-06,1.489789821813705312e-06,1.380762765844479257e-06,1.074309991926117829e-06,1.057723339800367057e-06,1.285909506829226422e-06,1.364804300548574509e-06,1.486546266035538314e-06,1.521494846229416019e-06,1.630409335294503161e-06,1.908273087918639738e-06,1.547516704534360090e-06
1.153537286161061191e-06,1.007415417288504718e-06,1.180144349349863973e-06,1.104629413603682976e-06,1.107611714124633619e-06,1.603923282062149745e-06,1.021514617088148667e-06,1.498744785951708305e-06,1.338174413644294756e-06,1.578927901298731501e-06,1.195894108602916222e-06,1.435846043175205935e-06,1.319914356400586912e-06,1.548167440976254285e-06,1.323575563370058844e-06,1.514979135533719606e-06,1.054486072004329933e-06,1.101513235660112897e-06,1.371898163642201907e-06,1.352082619495598440e-06,1.457943953647996864e-06,1.476603194446338208e-06,1.622775891573768102e-06,1.281852691329233846e-06,1.323410933226943486e-06,1.511660932229764269e-06,1.065640281684377758e-06,1.253473931934602740e-06,1.111289616203788375e-06,9.629125524212531262e-07,1.314392737166909200e-06,1.208476426395884338e-06,1.424269239569129881e-06,9.526063200266666583e-07,9.270985850852920214e-07,1.857826195166767521e-06,1.714702674438474897e-06,1.102265370886429902e-06,1.002383869312790169e-06,1.055431187498948185e-06,1.226646696152307980e-06,1.730488036218152702e-06,2.111696945385343106e-06,2.459042396543549656e-06,1.353857589962615533e-06,3.207513408703471591e-06,2.729871950984206974e-06,2.281432718978289783e-06,2.751873251280172160e-06,2.000964682239613321e-06,2.812764168430396526e-06,1.686951787058375630e-06,3.660981705875854720e-06,5.065492606194675807e-06,1.441373827309631949e-06,3.024268163077120042e-06,2.100782040594295187e-06,2.774329624747457608e-06,4.621989445438291801e-06,2.065914700822562117e-06,5.098359737793771647e-06,7.505677995066901937e-06,1.926984928808121415e-06,1.672535788813941369e-06,2.800037043703810785e-06,3.024476634272259001e-06,1.355474768943382454e-06,1.944889373347987918e-06,1.784641223847275795e-06,1.670160288507912779e-06,2.088181082359537914e-06,2.931581542475244543e-06,1.578849556060326332e-06,2.206281959139865302e-06,1.503097535330788929e-06,1.714007113514163282e-06,2.184653893329108674e-06,1.517072600322336667e-06,1.685059550437860961e-06,1.655511285119357565e-06,1.890694155700010933e-06,1.552256915196565044e-06,1.830523937883741446e-06,1.374769903367498942e-06,1.235496633356767347e-06,1.321356955954913591e-06,1.403278363434311003e-06,1.729590019311724040e-06,9.738871142240721444e-07,1.580190997842097479e-06,1.349486885146007859e-06,1.313858670784776694e-06,1.500813776630607231e-06,1.219013162439643548e-06,1.187000004815581809e-06,1.184224838733976627e-06,1.859366554726687088e-06,1.734818657690405879e-06,1.813299255404921575e-06,1.717426292423484435e-06
1.028801385179792533e-06,9.947889244200314001e-07,1.522429465524323849e-06,1.298250948065682395e-06,1.681075356619873803e-06,1.505944280216907944e-06,1.538233891461986761e-06,1.240895701550787221e-06,1.348773219815701891e-06,1.077789278291094036e-06,1.229332681971566373e-06,1.164954332420691622e-06,1.685697891865345256e-06,1.301719919490578517e-06,1.601942305384171059e-06,1.185071166266999083e-06,1.218418070204374188e-06,1.734760300159967552e-06,1.555267178397213887e-06,1.528228014060671927e-06,1.470599091761305733e-06,1.256979887888071889e-06,1.352406352298038839e-06,1.834681885874118755e-06,1.396087537021220996e-06,1.184016432524273913e-06,1.237621532102787858e-06,1.318700123133935912e-06,1.167960175418611025e-06,1.131851039519217509e-06,1.387679996498759609e-06,1.392552400356446218e-06,1.712654764717544847e-06,1.233450028700663873e-06,9.211505787611351694e-07,1.428389357584000833e-06,1.464745938148734663e-06,1.303353540401896075e-06,1.406477212549328742e-06,9.512854417091558056e-07,1.261067206803807723e-06,1.980244971505922492e-06,2.280967587463386425e-06,1.865467176148702048e-06,1.320881742203650834e-06,4.446357294813297097e-06,2.512364877426311089e-06,3.154425105340841123e-06,3.678326530096200810e-06,2.753913209088995596e-06,2.766642105804657652e-06,2.126315511958862809e-06,6.177123739924407228e-06,3.365334885638413826e-06,1.101655562604941112e-05,3.243264227294475954e-06,6.004374014934097374e-06,2.797417017826811621e-06,5.366042220700440561e-06,1.989042377616631325e-06,2.484487934569674713e-06,3.036245154811646390e-06,2.027299906605189720e-06,3.192418603980119144e-06,3.605396604661931467e-06,2.370209834664629987e-06,1.770258399857486168e-06,1.316968512876158991e-06,1.233938051413908176e-06,1.824843345426133049e-06,2.643713475597818126e-06,1.676294350230155780e-06,1.464055505037693544e-06,1.415540344540303324e-06,1.473626105626569647e-06,1.811635535985665762e-06,1.560274309185825683e-06,1.612464897019970976e-06,1.904727306089600738e-06,1.564903488004411550e-06,1.743128862359051092e-06,1.522053858791651094e-06,1.587711627047349135e-06,1.437517049919731151e-06,1.033183178644914030e-06,9.393370861409514805e-07,9.848989199054607317e-07,9.956883137946826177e-07,1.272129904588600144e-06,1.428367816966359445e-06,1.483752823883171560e-06,1.521169618288830876e-06,1.242719254039605931e-06,1.286710399955390514e-06,1.060940263896227268e-06,1.217894107004814248e-06,2.213817978850082350e-06,1.881940246327835653e-06,1.836738005596647928e-06,1.305483354761107389e-06
9.709108635981763718e-07,1.330557591378924868e-06,1.263833704412446545e-06,1.325575810962704385e-06,1.341102204265776399e-06,9.196560052107014885e-07,1.216921054780262696e-06,9.157814832126618538e-07,1.190435343756135994e-06,9.448792922339117487e-07,1.105385611262920973e-06,1.136658265516506472e-06,1.251853373393997994e-06,1.052349056846243447e-06,1.489985975998044496e-06,1.135822131646013305e-06,1.826163180829881837e-06,1.841613159292344166e-06,1.481107006011163363e-06,1.303714099110360676e-06,1.136942517847682450e-06,1.211745693748287780e-06,1.406714498340031516e-06,1.730699541920342731e-06,1.290214605761232837e-06,1.182951825191741145e-06,1.193866267408836592e-06,1.606771138806865936e-06,1.545189362102847796e-06,9.942546653001706167e-07,1.128247650813296373e-06,1.065372489336276573e-06,1.365100594199907504e-06,1.159392819518885994e-06,1.124197795564813127e-06,1.313403107170595125e-06,1.386560199733231454e-06,1.501175289061719224e-06,1.538676613651052771e-06,9.852614774100101433e-07,1.140230429245852432e-06,1.634825950551369223e-06,1.857175622941870844e-06,2.419254796663239286e-06,1.814140709341956619e-06,3.641294236708107716e-06,2.160494460530011515e-06,3.333960005418702622e-06,4.184727761455007619e-06,3.260190112984424929e-06,3.059229587008475559e-06,2.368561428529922361e-06,5.774953159841810775e-06,1.779615528738414393e-06,4.557799255350579479e-06,3.497084556936053391e-06,2.991167843672470654e-06,2.679040915087014818e-06,2.820046934038835930e-06,7.667623452061464120e-06,5.721085959328175025e-06,3.076908980194812172e-06,2.662658592245921268e-06,2.980339023806833049e-06,3.933394168632354482e-06,3.024232420924244725e-06,1.608773164745714693e-06,1.501700525842842945e-06,2.138391302351456136e-06,3.073595341869716524e-06,1.416224351426597151e-06,1.344803962354903626e-06,7.433525534973823977e-07,9.833840723855437843e-07,1.539687768715459873e-06,1.620976345532851146e-06,1.549221605796839731e-06,1.673224170560994298e-06,1.680196148204717090e-06,1.497078731747809455e-06,1.619035548244339221e-06,1.522838899626607048e-06,1.889672559923031468e-06,1.469621423871216771e-06,1.348126451196268101e-06,1.611318580178967040e-06,1.407672396400830722e-06,1.284571258004358069e-06,1.517311002091456219e-06,1.314961789635047595e-06,1.238389154553210044e-06,1.315942154800088682e-06,1.587856172258832003e-06,1.187006595519306499e-06,1.046470750893146103e-06,1.176788147654964408e-06,1.461896734284671619e-06,1.487394444106884024e-06,1.524249610397232957e-06,1.607153242031883851e-06
1.263232601320480661e-06,1.637947757423539280e-06,1.172904800318169791e-06,1.427039942719660686e-06,1.423436177201581819e-06,9.826798518411735945e-07,1.437904261797627768e-06,1.060776540899719345e-06,1.318196916093955404e-06,8.915370176051862804e-07,1.033507176201337741e-06,9.982419460554714884e-07,1.214826581924090253e-06,1.335447914756242782e-06,1.518939631384139665e-06,1.452883409375495796e-06,1.422749091264172678e-06,1.665751521901194995e-06,1.522404152313272436e-06,1.381204883362065753e-06,8.767503359129062332e-07,1.448258644627385317e-06,1.239934481362914246e-06,2.013738071905918700e-06,1.318078767775890738e-06,9.579091343569005761e-07,1.094431205645711709e-06,1.500644215336145514e-06,1.170705559298685856e-06,8.477803237561575805e-07,1.247492928558564749e-06,1.420409833491877513e-06,1.225887748758961437e-06,1.318285449684824222e-06,1.153082870508531193e-06,1.165242150972256486e-06,1.579135911543820544e-06,1.828078790688806610e-06,1.366914366924850934e-06,1.412392493238483821e-06,1.025904978462237579e-06,1.911668126062122293e-06,3.262350200234308025e-06,3.121659174946384443e-06,2.088562658092358847e-06,3.329235876717523245e-06,1.753788781981350464e-06,3.149918434642235907e-06,3.853200453662546275e-06,3.103055582859530504e-06,4.862457352179170248e-06,4.143455050395244642e-06,3.557494583892538703e-06,2.445027338642378090e-06,4.643981764713805938e-06,3.985847671605691074e-06,5.362438101806082015e-06,3.278924961224715596e-06,1.710230863634953039e-06,3.551338234851445336e-06,3.188914216419836095e-06,2.580488060914308113e-06,2.781144231538751471e-06,5.057092988593507319e-06,3.229068341181912567e-06,2.542648683651308734e-06,1.511298013061566728e-06,1.890039461001501372e-06,2.893078200721657669e-06,1.750275301741433642e-06,1.760366751621071556e-06,1.043559519904986582e-06,1.478265222928455836e-06,1.070500346494313547e-06,1.271729741100710345e-06,1.856680412104709405e-06,1.916424768899505410e-06,1.744913352813993324e-06,1.274749480359375085e-06,1.264820542584196003e-06,1.185670621612735354e-06,1.378996357698629036e-06,1.553926994998193541e-06,1.846718358025053257e-06,1.729369236851780264e-06,2.199201038980796184e-06,1.633507726143008361e-06,1.395042043697708797e-06,1.699852758536958713e-06,1.390501892229138875e-06,9.999737966627892845e-07,1.497139191434648394e-06,1.681313209865951699e-06,1.429938097873741680e-06,1.453087552200520715e-06,1.236875742334439797e-06,1.426336263258249489e-06,1.528472902166548720e-06,1.589197299741186240e-06,1.747643599952157230e-06
1.344484050050637913e-06,1.663752757692115810e-06,1.275017866845391059e-06,1.444047115486284137e-06,1.304812232070673774e-06,1.026758060334526948e-06,1.449630462791029908e-06,1.442834077269036116e-06,1.070219741124676127e-06,1.194053785734938189e-06,1.162121353219978603e-06,1.109310846654197926e-06,1.139250523983032589e-06,1.217215212453719007e-06,1.356147224368475445e-06,1.090187785413881059e-06,1.429363489076493679e-06,1.189073973976257464e-06,1.194044336752681334e-06,1.262364407182278454e-06,1.210110570719608147e-06,1.318195232163552110e-06,9.296708535835879228e-07,1.631998973467552429e-06,1.313209258720175469e-06,8.945471253974056506e-07,1.249627857694528697e-06,1.140975992430842577e-06,9.329312109973237222e-07,1.033311338767522351e-06,1.320997932503616620e-06,1.304089031021432109e-06,1.048561661292724585e-06,1.754824924055990050e-06,1.660715163211981312e-06,1.690689796065165853e-06,1.993934235646450329e-06,1.660545527014915513e-06,1.406031604587726985e-06,1.468073506544335561e-06,1.257894828673458042e-06,2.168373265015711792e-06,3.361828900870978100e-06,2.414904419251949944e-06,2.496440762238113446e-06,4.341669710760545695e-06,2.528678666565255937e-06,3.252346345411852889e-06,3.235002431310982191e-06,3.653209652906800746e-06,5.200117773181527182e-06,6.206496920525672505e-06,3.172289900461066603e-06,5.969758935079695434e-06,4.296578029455167872e-06,4.424232403072275462e-06,5.038834028153550262e-06,5.754108344038173533e-06,6.261656453962886745e-06,3.505555189530207391e-06,3.095203382996511619e-06,4.165330415842694934e-06,4.184045291294436440e-06,3.328184339858327501e-06,2.832265004449782620e-06,1.362760077393761923e-06,1.939186401483647882e-06,3.379367573626982889e-06,1.540935121680782577e-06,1.582453467966213410e-06,1.470226282368279513e-06,1.425073532143498647e-06,1.351597983510752710e-06,1.363866687628553023e-06,1.498628209012121552e-06,2.066542574733750861e-06,2.144271382242680134e-06,2.023172983167211820e-06,1.203801232918783879e-06,8.327377897870681539e-07,8.416400765170381446e-07,2.052867586388377116e-06,2.056700797061890970e-06,1.486232242642491347e-06,1.286361158387782275e-06,1.185732031282845238e-06,1.071393614769376696e-06,1.287037450231690011e-06,1.203185251658659961e-06,9.057663660998623687e-07,1.255300729353506310e-06,2.048012900153117634e-06,1.566788485027301592e-06,1.414698626025719177e-06,1.598391987846570113e-06,1.025002610816577743e-06,1.734964805173025358e-06,1.961121716430179399e-06,1.669770726019588685e-06,1.341244467684404331e-06
1.550132637588959910e-06,1.714453325934113275e-06,1.120183667113897162e-06,1.397853093203032722e-06,1.180794048614127256e-06,1.158577398792632018e-06,1.611037493612398750e-06,1.259262696204926864e-06,1.141406623999844871e-06,1.534307106351855809e-06,1.121020329176864176e-06,1.409138055118394311e-06,1.284602697401418328e-06,1.571556378377984709e-06,1.226838043736920452e-06,1.196059279195936147e-06,1.277429104058600654e-06,1.519631712131148943e-06,1.370853198116437943e-06,1.136587506126885583e-06,1.176073891840864114e-06,1.032616652725692641e-06,9.581554470188910047e-07,1.315340066183774808e-06,1.255434921211411611e-06,1.168646983744330613e-06,1.261072505168745464e-06,1.081705047753603674e-06,8.522300562921822615e-07,9.991653903022403335e-07,1.141751308452928207e-06,1.569012335910900600e-06,1.202476502086831275e-06,1.815238155926803359e-06,1.695916323366518737e-06,1.398072997301608306e-06,1.643996221485516963e-06,1.583769951385057083e-06,1.631584860873371546e-06,1.142528990658655139e-06,1.391764002480835433e-06,2.400144491346633235e-06,2.779564403519471092e-06,2.187789923547325179e-06,2.423836485341402650e-06,5.230245756388733790e-06,2.959595707612100098e-06,3.568391096706559625e-06,3.595922692360066400e-06,3.347209492535570069e-06,5.283361456635302706e-06,6.859997120752399991e-06,4.271585890280489200e-06,5.314011470034905131e-06,3.055261564117363732e-06,2.266617559260075844e-06,1.750829432102506729e-06,3.756717274738041986e-06,7.411604574025373907e-06,4.044208743432009058e-06,3.493576569365598817e-06,1.670611241043273382e-06,4.546253793901666132e-06,3.644993009424057503e-06,1.534582935556197965e-06,1.352644355412868888e-06,2.887279181462130215e-06,1.988755344079535256e-06,1.793441783181625152e-06,1.536967397731822555e-06,1.265147332262146671e-06,1.229913051078295368e-06,1.016081946160057723e-06,1.372773234394184472e-06,2.300615147082233388e-06,2.033227227183517790e-06,1.890235327397550526e-06,1.579693581014580824e-06,1.244162725070672912e-06,1.673520274544308885e-06,1.691624913362522145e-06,1.484332175638319429e-06,1.572525127860807574e-06,1.446316298549313427e-06,1.022435087991880089e-06,1.307238867305763241e-06,1.689735315534973927e-06,1.445630714612767144e-06,1.128472598691788531e-06,1.331256772482898738e-06,1.672545544027031482e-06,1.993827136517479580e-06,1.420220567357277796e-06,1.303662661460320564e-06,1.351827770731653573e-06,1.134609771045742833e-06,1.399570158652007074e-06,1.664662013380871198e-06,1.619179041912118522e-06,1.370979592886779929e-06
2.036332722359640658e-06,1.461100123431564978e-06,1.134294308176955544e-06,1.106999106236683967e-06,1.176631238505917863e-06,1.089254692715444754e-06,1.378784109843085236e-06,1.057805611841661893e-06,1.252567476210575833e-06,1.121030244091852635e-06,1.250477026417210760e-06,1.499792363583547421e-06,1.493871810004092040e-06,1.238715633825152979e-06,1.194535395964632380e-06,1.142996594793798658e-06,1.112439510363513609e-06,1.889553451343703630e-06,1.268059990236502932e-06,1.268941857663836177e-06,1.419325995435106500e-06,1.120979261824993774e-06,1.125047502162469572e-06,8.689817692371076048e-07,1.443160689155141520e-06,1.420295030727130513e-06,1.034916404764636584e-06,1.083888083407332620e-06,8.509819984114179934e-07,1.017712155607892631e-06,1.207008478769894813e-06,1.537545198790314719e-06,1.223957093675016807e-06,1.348602096254018059e-06,1.573009229975557634e-06,1.599027103988919455e-06,1.445916615941377617e-06,1.811161424691848627e-06,1.125634902457240504e-06,1.135020091656165370e-06,1.718385652996326290e-06,2.723866344481991576e-06,2.874175324233047355e-06,1.933837344700087512e-06,2.319735776322502893e-06,4.278585845889525416e-06,2.416695251208003247e-06,3.296112460565005250e-06,2.987480845789941718e-06,3.322009104041992623e-06,4.665723665086961319e-06,5.474323088465677689e-06,4.909983313957844687e-06,1.951015358982487719e-05,8.788304422950746566e-06,5.378081213295797193e-06,3.802119185598571519e-06,3.283021119810371040e-06,2.737233646927837876e-06,2.533305193239814983e-06,3.728870305255175616e-06,5.407577258941189969e-06,3.471742999184114004e-06,1.943743776361382053e-06,1.396735408978495443e-06,2.774517683562533378e-06,2.340289016286376153e-06,1.610713130622742938e-06,1.655520332924672970e-06,1.512243277275828520e-06,1.174861738845344259e-06,1.164055314753793153e-06,1.569068305461686795e-06,1.863004540683980108e-06,2.511966415740337374e-06,1.341743626306349656e-06,1.174921277245904003e-06,1.528224451774527888e-06,1.588425807236031898e-06,1.861706745891444272e-06,1.474052962869968950e-06,9.467979108697407590e-07,1.070131771595613326e-06,1.446512231799340380e-06,1.182603327373982635e-06,1.737446568026233697e-06,1.444266133088990926e-06,1.505099460928261446e-06,1.599269996593230204e-06,1.830741197328399698e-06,1.657855900493534917e-06,2.190440362947966143e-06,1.679852002290777894e-06,1.429666307957877704e-06,1.366548371777504656e-06,1.315504449199146643e-06,1.483634236296042427e-06,1.754471602915984395e-06,1.406964272730595807e-06,1.302858881891073233e-06
1.498317951574219429e-06,1.302085155792698148e-06,1.133870526703098627e-06,1.122245180499580263e-06,1.187195161255242750e-06,1.149443249637186498e-06,1.347955310923500053e-06,1.702940764540426389e-06,1.539638085578905332e-06,8.771350299293734949e-07,1.296830999509325064e-06,1.221724388611976268e-06,1.254287180931534097e-06,1.087146611484688272e-06,1.184149502001814787e-06,1.176110177671225563e-06,1.388947824208573182e-06,1.891622413742728157e-06,1.224648573721045911e-06,1.436544781249784567e-06,1.158095102677955425e-06,1.414578214864827559e-06,1.313003290585183129e-06,1.359499895167608134e-06,1.556375625420342035e-06,1.060997715140097086e-06,1.043894230941554523e-06,1.244718461157653445e-06,1.101522932920018733e-06,1.090811439779876672e-06,1.253113495357797147e-06,1.322150397633190561e-06,7.155180916504584653e-07,9.849659722129649523e-07,1.161085901380399515e-06,1.259513433800731472e-06,1.410902996434862457e-06,1.998873228074121221e-06,1.082961673773621275e-06,8.726213254166399195e-07,2.388532091068251932e-06,2.657899310593942291e-06,2.872885205430797637e-06,1.955118502858458276e-06,2.146842302664637807e-06,3.684175815955820630e-06,2.440756538141682024e-06,2.440685254136741467e-06,2.404872207665651985e-06,3.492450371036475447e-06,4.248809466202562121e-06,5.612126956816687963e-06,4.851678981744662611e-06,6.296540970928079546e-06,2.878910229523657605e-06,5.473847119432458112e-06,6.975682917186790828e-06,1.603209869703862135e-05,5.737901438055242718e-06,4.464667186051707952e-06,2.408482458815118017e-06,4.100677636343915868e-06,2.915120937904357045e-06,1.385717414698361499e-06,2.323510429623076059e-06,3.603274330469007366e-06,2.348937357859939145e-06,1.588124821950330760e-06,1.605588743599273758e-06,1.187053826695566768e-06,1.375095207430147315e-06,1.672082564552111651e-06,2.119005516603669854e-06,1.416242579721840915e-06,1.306562553835866212e-06,9.763806334150319881e-07,1.574714026706932629e-06,2.010173398295987720e-06,1.090409282308543157e-06,1.138474444247644088e-06,1.263170447981365472e-06,1.072235824245187680e-06,1.335497811109939121e-06,1.744292100086068611e-06,1.997905314894122443e-06,1.576731759709302835e-06,1.429207091102881264e-06,1.595178995917265030e-06,2.088617250564505426e-06,2.217320442605381403e-06,1.693601342761005709e-06,2.145869576968487554e-06,1.897593718049965336e-06,1.486863161295898248e-06,1.190668744004531630e-06,1.680202688914573059e-06,1.488057294077716202e-06,1.584986187848006657e-06,1.292146743157462291e-06,1.508873420205806774e-06
1.404387959850074324e-06,1.426147384814091342e-06,9.896422674489851969e-07,1.494477695156500483e-06,1.176517542827556040e-06,1.593466048064466141e-06,1.086245670246926772e-06,1.823825875554540783e-06,1.460622528258775154e-06,1.220749361388291795e-06,1.325125734901970649e-06,1.395901912136359599e-06,1.077683672245400829e-06,1.058424667539304302e-06,1.050131774108169890e-06,1.449427176416659268e-06,1.338561814762655501e-06,1.333390554529869138e-06,1.530380706379650851e-06,1.213770914162909505e-06,1.362646177998455960e-06,1.845919417659354379e-06,1.427496193750604333e-06,1.131160216605361069e-06,1.381425778634695486e-06,1.107963675980870790e-06,1.290298992671531006e-06,1.245631420439395622e-06,9.927381254991581657e-07,9.069781378859434746e-07,9.404176338859514008e-07,7.267984068807914566e-07,8.918293552582686592e-07,1.029286127680726082e-06,1.749923477930801014e-06,1.687559920146599836e-06,1.542525632106922524e-06,1.806405003389495838e-06,1.054319930274393032e-06,8.422202892053383324e-07,1.836146299082243096e-06,2.154811320648206873e-06,3.284963500182612726e-06,2.730601291488285990e-06,2.545634714606681590e-06,3.849154061199378467e-06,2.971319624974557853e-06,3.436324402220502829e-06,3.014453149014493460e-06,4.854138295740191107e-06,6.616364445611024546e-06,6.724192676750162065e-06,6.388185373110892999e-06,4.858628942093209740e-06,7.562222777639471895e-06,2.693950486548048232e-06,2.922306672805984055e-06,4.030864262894648884e-06,4.201639152232714966e-06,2.614551878261579503e-06,5.439318077795531640e-06,5.121776257364585410e-06,1.925951633849163717e-06,2.900399515848725576e-06,4.763278201175464363e-06,2.412501820903026928e-06,1.549490097114238190e-06,1.754860623143513972e-06,1.554796727415834108e-06,1.491919031263235778e-06,1.921570329289343698e-06,2.193521123379665910e-06,1.922732010984160485e-06,1.555323356144346462e-06,1.556243192223428659e-06,2.165731661898491305e-06,1.734890846875652435e-06,1.938648876703286597e-06,1.321408651063765383e-06,1.234636133122969171e-06,1.211765621955757568e-06,1.711474293632746814e-06,1.806579312074015341e-06,1.875140962684627922e-06,2.151310344501252806e-06,1.644242860808131381e-06,1.334969274031228896e-06,1.404378167546615085e-06,2.236361149460349577e-06,1.711364883116138829e-06,1.560713034827933623e-06,1.898231008177177616e-06,1.891727640119050191e-06,1.379577266635909143e-06,1.119312261212392802e-06,1.697551625257201365e-06,1.409741524764610599e-06,1.369777094961720700e-06,1.272755136254183372e-06,1.361580529635240412e-06
1.259622886668168162e-06,2.108556769661444014e-06,1.290635795698686470e-06,1.780491589969255379e-06,1.262682236004727224e-06,8.148530038674804370e-07,1.183714128152879701e-06,1.532681594530516953e-06,1.355933118327235377e-06,1.265094805295895364e-06,1.380466759123707860e-06,1.909589564016858227e-06,1.114813019011424364e-06,9.772929671033305561e-07,1.219511567629581656e-06,1.371336870287818855e-06,1.527897593563988702e-06,1.576721227986133019e-06,1.899146033093087827e-06,1.229551143604905997e-06,1.668213465255083763e-06,1.661058501023496894e-06,9.542556636769422864e-07,8.453692013621565257e-07,1.438886170774285224e-06,1.241559466760135655e-06,1.212143373849976923e-06,1.154662263342796505e-06,9.049974102291299750e-07,9.374856509387215727e-07,8.676098471314105962e-07,9.157683151710819440e-07,1.364741298989060388e-06,1.312462644170057902e-06,1.260364317846122474e-06,1.535136524713146748e-06,1.320746318370022957e-06,1.600624148088598277e-06,1.465131985807892235e-06,1.072873859036559709e-06,1.194901689435517949e-06,1.984719598488654126e-06,3.941809190467555183e-06,2.335728662139007353e-06,2.662490615307754461e-06,5.440823856081502142e-06,3.555446387772021516e-06,4.523055116512722777e-06,4.480716965182193146e-06,6.896750608662701804e-06,9.210016403933424605e-06,3.121683952321315094e-06,1.424821404124415875e-05,7.479234241795995311e-06,6.901344976843146748e-06,9.172084460985742836e-06,1.864867143593844273e-05,4.425916442584902912e-06,5.083078146644578319e-06,4.244190390298210689e-06,4.116494794446533598e-06,4.094482914043313873e-06,2.024778511046823718e-06,4.905848055983242666e-06,2.239775300901556359e-06,1.525563711819499319e-06,2.056066148843609786e-06,2.018054114421601745e-06,1.979161072590728262e-06,1.712022827829258793e-06,2.216764526068521113e-06,1.975516456527653198e-06,1.529980595035668538e-06,1.610606859511501686e-06,1.641061314568798407e-06,1.815636689413116846e-06,1.723461919221628846e-06,1.877833339766369328e-06,1.976547959525588664e-06,2.017287293907648432e-06,1.838327765056226752e-06,1.597336671914663528e-06,1.712726172944114353e-06,1.612461942540750523e-06,1.848847006529922268e-06,1.593121533416629371e-06,1.363682718610036046e-06,1.536617971581845887e-06,1.623807404484087998e-06,1.395162692488501667e-06,1.466181482450995698e-06,1.460887292464690452e-06,1.346442254145378067e-06,1.060865596653737284e-06,1.172470301635886212e-06,1.627615739264711680e-06,1.422983787415579484e-06,1.492095580991311809e-06,1.234412381372818278e-06,1.317441167821559088e-06
1.325434311615840491e-06,1.637655431008423118e-06,1.123855381481302523e-06,1.416004114809900262e-06,9.992645552817428205e-07,7.334154075199818008e-07,1.636835752614383312e-06,1.308701745718980137e-06,1.245192310607320516e-06,1.265371363708888837e-06,1.139808846497498644e-06,1.558360207455162838e-06,1.221078503977421701e-06,8.749892252786316698e-07,1.635556138371134033e-06,1.566042650617695220e-06,2.184414154082061072e-06,1.333112487812128492e-06,1.261256428839225016e-06,8.360679169993588053e-07,1.538783623505832173e-06,1.224126965976427122e-06,9.467236798776210023e-07,8.837231535780097021e-07,1.890269662061864735e-06,1.393288478518503161e-06,1.249564947931753049e-06,1.084127599166430519e-06,8.859127720617444866e-07,7.385155160882512625e-07,7.860071353741055663e-07,8.950848358812762208e-07,1.253377496382424828e-06,1.325389636439978494e-06,1.468537139036263960e-06,2.000449487711591520e-06,1.832833337529999702e-06,1.693350800827824142e-06,1.980232435092163679e-06,1.327964758796672063e-06,1.211114080644636728e-06,2.378620291584002533e-06,3.941510377127764047e-06,2.835807164697278544e-06,3.430465948992184912e-06,6.606977582053501787e-06,4.328343188105633574e-06,4.152310085140034968e-06,5.416394198923559679e-06,5.681530936661676021e-06,7.855200219840402197e-06,5.447589225636737887e-06,5.980302240832786510e-06,8.363039884944557421e-06,6.782938915420466013e-06,1.110222431780575131e-05,9.701110852007583638e-06,4.235089949408012569e-06,3.458182076475714853e-06,7.364271320904189133e-06,6.352553972329153899e-06,2.197648351477411581e-06,4.072888719893245214e-06,2.146355375996877220e-06,2.130089565845087625e-06,1.597137469229404895e-06,1.822401040692557088e-06,2.090822912719253427e-06,1.881436673119214851e-06,1.482598866146923493e-06,1.963542892898503831e-06,1.732561115463893706e-06,1.601422630141205224e-06,1.451818879816305341e-06,1.284922167723768286e-06,1.506380389224224234e-06,1.709169186542892754e-06,1.786413520507249152e-06,2.028325415152786211e-06,1.766267449215028324e-06,1.786080876047075568e-06,1.959373521502302624e-06,1.783229818146808692e-06,1.531940556196101942e-06,1.938676326302316706e-06,1.519280226898965869e-06,1.439183293127736997e-06,1.304899036925245311e-06,1.342145875283096307e-06,9.630236924880012002e-07,1.063843973232224712e-06,1.175770002697329674e-06,8.827919060781432474e-07,9.490366956235588240e-07,1.549021340887620887e-06,1.304516078194749231e-06,1.517396829158898835e-06,1.484182889034355435e-06,1.428125846475247830e-06,1.424291226322022026e-06
1.167186386980748299e-06,1.228624461635113439e-06,1.026902249078429397e-06,1.195028384767699883e-06,7.168689584462693850e-07,7.833307917343861129e-07,1.177768683760946849e-06,1.107058983824794234e-06,1.071725832330846566e-06,1.265540540860955934e-06,1.156158873802138334e-06,1.417466408451706888e-06,1.100292170842108137e-06,6.920924065616510216e-07,1.422059293856391331e-06,1.334216975737050091e-06,1.261678904529570558e-06,1.590513643331359394e-06,1.169694459291186544e-06,1.069419721934521654e-06,1.123726445027154010e-06,1.255027193383112702e-06,9.507695956299285524e-07,1.314320669922441932e-06,2.038094894076144794e-06,1.298074433309296638e-06,1.038206033468066846e-06,1.308999787559621596e-06,1.182920210588708202e-06,6.857549786018803454e-07,8.412418120509108519e-07,9.726850539393594439e-07,1.239275539070819612e-06,1.144311348411115568e-06,1.017460578418079725e-06,1.312506751483261054e-06,1.540395146657751653e-06,1.118881324538085524e-06,1.746560215406325016e-06,1.232333852069375196e-06,1.574843984372850601e-06,2.952987713237174033e-06,3.947902792913253875e-06,2.979244062492947929e-06,3.613128358827893743e-06,6.698913940346924043e-06,4.092840239214414506e-06,4.128483920096673200e-06,5.212361767667859399e-06,8.672722566399501294e-06,9.368254595226366472e-06,1.057102225488965706e-05,2.724997630966141448e-05,9.486714893893789880e-06,5.124644203523195703e-06,6.743648623511060710e-06,4.421883670003607744e-06,6.806515985778072434e-06,5.934865370221092624e-06,8.675512166840782343e-06,3.274585319965529636e-06,3.715102273757315112e-06,3.886836074077036788e-06,2.050789668071061110e-06,1.883971000013299399e-06,1.400135293346714052e-06,1.816286078235986536e-06,1.933406599779186347e-06,1.994091437128091984e-06,2.016333876291369310e-06,1.770684633557346933e-06,1.523988320434172701e-06,1.697424553406838462e-06,1.927251185068939178e-06,2.400853164277433463e-06,2.246512573756085094e-06,1.996909890990926881e-06,1.627538711716561508e-06,1.731853432097591479e-06,1.784193865814458689e-06,1.649850301657315672e-06,1.830645213586942478e-06,1.514319783066059600e-06,1.534089662248681501e-06,1.401275060602666045e-06,1.395117839574797628e-06,1.379072406925573144e-06,1.276639742568263968e-06,1.263712435865724394e-06,1.048524475010801737e-06,9.922434427103693049e-07,1.044410430004023874e-06,1.012029905659434595e-06,1.284654864511841384e-06,1.449434077704570789e-06,1.337742262865899454e-06,1.364146555745316565e-06,1.132348510983288513e-06,1.253974587567074808e-06,1.565942468613109987e-06
1.213152967599168075e-06,1.302914961730577572e-06,1.112968566705103345e-06,1.097869556931633540e-06,6.807551193071618258e-07,8.936438598884022179e-07,1.134073455030239317e-06,1.097066599480061125e-06,1.045356725376630675e-06,1.459907910193407788e-06,1.306549109938927823e-06,1.298895697721051539e-06,8.718600128287630458e-07,1.160019430610275675e-06,1.296527619035931901e-06,1.365092750471702298e-06,1.159871090900825951e-06,1.479643217642164638e-06,1.375302474078110269e-06,1.062321828927185941e-06,9.312097659014955045e-07,1.301751962877443538e-06,1.038636279307997369e-06,1.218297930143761984e-06,1.509005070281788004e-06,1.376907736150619828e-06,1.264064746816609127e-06,1.427134504022656942e-06,8.432293877703508567e-07,9.051207141156590572e-07,8.649213165555264537e-07,8.522837013281971406e-07,1.237812982672158451e-06,1.178020337682960298e-06,1.166501591665625725e-06,1.377657688848024393e-06,1.878603540718362320e-06,1.212103898802481303e-06,2.724229251415793246e-06,1.706549145999568930e-06,2.011979180486266617e-06,3.592258262589749127e-06,4.471921324471580693e-06,3.162125812848733162e-06,3.351860593512050613e-06,5.301286496776093620e-06,4.004374771750537477e-06,5.739895557574023816e-06,5.548764472012407345e-06,1.321330799428191222e-05,8.798205114822785377e-06,1.173066135915118468e-05,1.784094219120585187e-05,1.313606628099497231e-05,9.003378017954332795e-06,1.504660591391051280e-05,5.681028582668911270e-06,5.754140634678275513e-06,5.756253027293359928e-06,8.165092984788494432e-06,2.594931183843929061e-06,6.396781563420430344e-06,3.204935981420141878e-06,1.777229650689992073e-06,1.548656779199834674e-06,1.487956360969327851e-06,2.209446682288078985e-06,2.111617753933778180e-06,2.320567461180671156e-06,2.229734192668763384e-06,1.818541840644782849e-06,1.455338126733487637e-06,2.236018701519918809e-06,2.599454331252259846e-06,2.246402494481235568e-06,1.793809933225284309e-06,1.806878304201041873e-06,1.242763588298847238e-06,1.757376901609839647e-06,1.756290854527131565e-06,1.657293524762111552e-06,1.742610777971410284e-06,1.366999996753091048e-06,1.161170200627826007e-06,1.209803247565300756e-06,9.536135955603990544e-07,1.217301928094313499e-06,9.728027049142550609e-07,9.436983593102457648e-07,1.265434728505705107e-06,1.279451849206372082e-06,1.448627407678314135e-06,1.010822108286684301e-06,1.205024147900883631e-06,1.361353392897935942e-06,1.245132292372258046e-06,1.228699805530351910e-06,9.841928531700827864e-07,9.063657957420378421e-07,1.248736620057386553e-06
1.175182733541691896e-06,1.210672808556944646e-06,1.184535998060512648e-06,1.453167508595588247e-06,9.782857041230669398e-07,1.723579155930123688e-06,1.363541039450523963e-06,1.380327001010984905e-06,1.359020115584085594e-06,1.628572916526000440e-06,1.523595175671909817e-06,1.587567508137595560e-06,8.687311217547273871e-07,1.694396689571994982e-06,1.044002720881236348e-06,1.653580019946530497e-06,1.098235942976246622e-06,1.001534458702291660e-06,1.406310269744613185e-06,9.413302841189346990e-07,1.118026492800248029e-06,1.155246759367619361e-06,9.128372925517310407e-07,9.511008315472160371e-07,1.802090657701500153e-06,1.324848687896541080e-06,1.036929093123067905e-06,1.406836133584643863e-06,1.025395889017960884e-06,1.018885579081054055e-06,8.022553077119509996e-07,1.127085596497447867e-06,1.533963853865749523e-06,1.180836525560774800e-06,9.378592952015197182e-07,9.501235990876696765e-07,2.615881027007604783e-06,1.896721052783424278e-06,2.145788905411951242e-06,2.691698774138890528e-06,2.417981637576201957e-06,3.592188046766178292e-06,4.918087343511101280e-06,3.933383640529754155e-06,3.216375118273024108e-06,5.283949105602350612e-06,5.094396215654017238e-06,7.449738302617621099e-06,6.148681542215375339e-06,1.872500531557761314e-05,8.429941261246540825e-06,1.494555664588938106e-05,4.715512290658070384e-06,8.253660573005712687e-06,7.630494976958351316e-06,3.962493068859619453e-06,7.567810005049761881e-06,7.775731720058792363e-06,9.383624030728805320e-06,5.526852398607802770e-06,6.503867878613593469e-06,4.528266407332034505e-06,2.161770695566450631e-06,2.353166550954220069e-06,1.663235211627836228e-06,1.962464644158901604e-06,2.715938262993850228e-06,2.523818242073977507e-06,2.580299295554208338e-06,1.801965493408560139e-06,1.666243217717270669e-06,2.192172835505181232e-06,3.154279919040669992e-06,3.312755583935441790e-06,1.974336009435224545e-06,1.734076551172952067e-06,1.843983106820746090e-06,1.409983326369930547e-06,1.751863185394517114e-06,1.462126526024387801e-06,1.419426890983056109e-06,1.395759923718191439e-06,1.508233930645237368e-06,1.158563007044964077e-06,1.226224497541270821e-06,8.301017875406642261e-07,9.388320531150853401e-07,9.297316379814418925e-07,1.105926992699425119e-06,1.177808373073905700e-06,1.034841653930584100e-06,1.131298848051438540e-06,1.056901750038968588e-06,1.275978840298941057e-06,1.184137231071267951e-06,1.481802801722521477e-06,1.402500892326769613e-06,9.336974617286687263e-07,1.232453844905343035e-06,1.243477492498390927e-06
1.096064012475822959e-06,1.524626936355376978e-06,1.460333892454669006e-06,1.419301004427811936e-06,9.814331190892207390e-07,1.690698357522079386e-06,1.633584634257058057e-06,1.291075108126957249e-06,1.793359206113757681e-06,1.393847598034231539e-06,1.248238055022930715e-06,1.385609813039125128e-06,1.018809465637628423e-06,1.534928585057471129e-06,1.278038152357416135e-06,1.642224279065498101e-06,1.321822130022135946e-06,1.198648526799417311e-06,1.324518072175824027e-06,8.301522526065558685e-07,9.458357634072928683e-07,1.198916750327414294e-06,1.084084260766557404e-06,9.918814951316063498e-07,1.406025474935116159e-06,1.142915998180608502e-06,1.542962521943399019e-06,1.551045424614263085e-06,1.436207364507593322e-06,1.030997047210398050e-06,8.949043923436298815e-07,1.153733783259521902e-06,1.388918426471376674e-06,9.156012019195504906e-07,7.528844362714107443e-07,1.271776208548775209e-06,2.421930833736874182e-06,2.834962845918785286e-06,2.410152849144138939e-06,2.547706936031224960e-06,2.255186329526646001e-06,3.238884829296015936e-06,4.737415311467677288e-06,4.860286758128164879e-06,3.679465106069662465e-06,7.309772394142396724e-06,6.143438945811520717e-06,7.035258133918749391e-06,8.021163925558626558e-06,1.781598352670280349e-05,1.498151317995888629e-05,3.191168682685052022e-05,1.276928094320179531e-05,1.413328233710732717e-05,3.070305274813657487e-05,9.024259093512195624e-06,8.420022201836927233e-06,7.304877952061360547e-06,9.323716368517950760e-06,5.493082699075089472e-06,6.377382867778104714e-06,3.709257624750998277e-06,2.653065293765912018e-06,2.181759341122851768e-06,2.313397661531868969e-06,1.854154603501343487e-06,2.490039914975620629e-06,3.030172443879972261e-06,2.147125525671765210e-06,1.493276726744901338e-06,2.511350249676421085e-06,3.338677953897623123e-06,3.454358848888674490e-06,2.662200714235861775e-06,1.822266932549177848e-06,1.933426776120894604e-06,1.863799727971156748e-06,1.424406272995124334e-06,1.524183088022248179e-06,1.344649179601025145e-06,1.120113317889347118e-06,1.227575168902827464e-06,1.075607833874343680e-06,1.128281632377682813e-06,1.176350608792674876e-06,1.238935242328173863e-06,1.221186881007249126e-06,1.001416831151920675e-06,1.375118502033149442e-06,1.195200082807156848e-06,8.633747272442390677e-07,9.367148205295644057e-07,9.845525155323492780e-07,1.023078083174734011e-06,1.335732041208375666e-06,1.475856910424942344e-06,1.355913169904722063e-06,1.039359030950041245e-06,1.273492340308389365e-06,7.325177848044769590e-07
1.031743744301376098e-06,1.294170864832911437e-06,1.269134358748407358e-06,1.035984149518966822e-06,1.116424287373883017e-06,1.567089255625556155e-06,1.750206448786111459e-06,1.153932195914999379e-06,1.784258481758832743e-06,1.036857367331368831e-06,9.944329542482478472e-07,9.651664872528073275e-07,1.298222983119471835e-06,1.249362516469497267e-06,1.023002686132738101e-06,1.353342103334556811e-06,1.268104101763863133e-06,1.372231793562816116e-06,1.194898012292737102e-06,1.037898411888596327e-06,1.120242457984443129e-06,1.291174150160178860e-06,7.461127990422439593e-07,6.876080863193435902e-07,1.094340271746963119e-06,1.361110925367165605e-06,1.458312747937925140e-06,1.602025767400762260e-06,1.126032565117461625e-06,9.420945326797516853e-07,1.155775340836882873e-06,7.502018304575717529e-07,1.155920234850547438e-06,9.142644369195712940e-07,6.245831211889610769e-07,1.046013041800477900e-06,2.035121830234512502e-06,2.993387424468530893e-06,1.744347231716437077e-06,3.082919968112016895e-06,2.672546422452704253e-06,3.466332599797783853e-06,4.928393748553358033e-06,5.324986860556631967e-06,3.689411480640611358e-06,7.722725597733466347e-06,6.263325901547708090e-06,6.774129871104637063e-06,9.187172745572998753e-06,1.447796979615598560e-05,1.853853040727619322e-05,3.405186817258586747e-05,1.414550716202695668e-05,9.401750612989392419e-06,1.507248904491016291e-05,1.115339351795912071e-05,1.213737390423464192e-05,1.269443020108255917e-05,7.437924694376830110e-06,9.200466441453952873e-06,4.376380447610793814e-06,3.011194950463630858e-06,2.479817580971627883e-06,2.383002747904758881e-06,3.011599017458275982e-06,2.520995747924311164e-06,3.096187669223084921e-06,2.457588365913612302e-06,1.914432302463807618e-06,3.545271731928069239e-06,4.526369942960822506e-06,3.332431657001210005e-06,2.957467538431213292e-06,2.490077732466019527e-06,1.770721280764378997e-06,1.526447286651535958e-06,1.807680279497227191e-06,1.501496882118641215e-06,1.673274878694576824e-06,1.428484640779623035e-06,9.361356736385255608e-07,7.554382689904858225e-07,6.781762149938070606e-07,8.266673685893931177e-07,1.088227849368269097e-06,1.453436068729706709e-06,1.178837650661432185e-06,1.328943676230260329e-06,1.777018083853253075e-06,1.166144774878185911e-06,8.484782239866981958e-07,1.204767553614569015e-06,1.163742173996696639e-06,1.029948604663859107e-06,1.428051790918372564e-06,1.394288537356152327e-06,1.424483770958904478e-06,1.479300529037900997e-06,1.379302433091832884e-06,7.830464073198346150e-07
8.473265185596405706e-07,1.000588136231427563e-06,9.082758469492988319e-07,1.238381677908599323e-06,1.113785539115482765e-06,1.758985329371027377e-06,1.735314842291173697e-06,1.321384427303877632e-06,1.466230053092773932e-06,8.316243929941036768e-07,8.970826465072516094e-07,8.830473990700250053e-07,1.612383745617942532e-06,1.246102573767586906e-06,8.429484718345295498e-07,9.170762975276933382e-07,1.133234735530718354e-06,1.525705014623650282e-06,1.112809603550977316e-06,1.171776473761468689e-06,1.500261536118358536e-06,1.119350871276582738e-06,7.111780733630888693e-07,1.042992944321898602e-06,1.220799341804548386e-06,1.235622211329104563e-06,1.494447260841669275e-06,1.819839469476837252e-06,1.279470065588988733e-06,1.058306847785691300e-06,7.155139391483879178e-07,5.563862139191916262e-07,9.128376320360971558e-07,5.133927335735541006e-07,8.170323095727914881e-07,1.064411047782235641e-06,2.087933831209588095e-06,3.172015277783403532e-06,2.485097004230380967e-06,3.207152436116033155e-06,2.211116234037743060e-06,3.806661337608894453e-06,5.975287505798955444e-06,4.985170675492404569e-06,4.577230592123763368e-06,9.779889380696485726e-06,8.437178627484962737e-06,8.760961267398312854e-06,1.092001561570447143e-05,1.515335435180333086e-05,2.322790741506550137e-05,4.854284105695893820e-05,1.352355615260029370e-05,2.353124709354132918e-05,6.335192069274452075e-06,1.052270481680341473e-05,1.360564793643606955e-05,1.155402542125076880e-05,7.752760152157349918e-06,6.084246051233641748e-06,3.261540165661698258e-06,3.408447374932564172e-06,3.232850548745374776e-06,3.226292506289696761e-06,3.521309652257258655e-06,3.411613663513423715e-06,2.656670753423217058e-06,2.038053162478148561e-06,4.524840039157833095e-06,4.789618022270650110e-06,3.457069453752812761e-06,3.318391809528904844e-06,3.032588723999228938e-06,1.987832369163087986e-06,1.217573091695695588e-06,1.244644744454330695e-06,1.369323028846695465e-06,9.815472459264302257e-07,1.281666307084649097e-06,1.287666621196586302e-06,9.574206287906142081e-07,9.414433072535732592e-07,1.066058461677841115e-06,8.858519604503912118e-07,1.203809162044581258e-06,1.375956703312744680e-06,1.532944620377140829e-06,1.216084224117124160e-06,1.426242154962205734e-06,8.057509506925342738e-07,7.726995112901802034e-07,1.388440516941442528e-06,1.379648360099463243e-06,1.361211324404125755e-06,1.271523117792008546e-06,1.522595176739894410e-06,1.844491192316891441e-06,1.782281702033048237e-06,1.515128978618231760e-06,1.283334721145186864e-06
1.034491968614134978e-06,1.193500012496524497e-06,9.083499642450567227e-07,1.601297993998632625e-06,8.935011347013160540e-07,1.692444702887574740e-06,1.655095378296500290e-06,1.265699909613234700e-06,1.096468939824875928e-06,8.394185936762651361e-07,1.007127239054704018e-06,1.051169777628713746e-06,1.077061518218018007e-06,1.206253431503368543e-06,9.825541109597894440e-07,9.801228821537995210e-07,9.517306459045495781e-07,1.046578111876901204e-06,1.138668474268736014e-06,1.230312427216728176e-06,1.430679936515371032e-06,1.574489069829538511e-06,1.089676228741237555e-06,1.451367851057283083e-06,1.046938926789082181e-06,1.070279983869911165e-06,1.459689417476355890e-06,1.460980284648491093e-06,1.119630869224680045e-06,1.518282769319601201e-06,8.386430618287401429e-07,7.113264738884222278e-07,6.859914479719228451e-07,6.357326107827699675e-07,1.023690553622047415e-06,8.457546107808267412e-07,1.569057055601107632e-06,3.503579337653854074e-06,3.589220521904666431e-06,2.565867907953472395e-06,2.851603941330752542e-06,4.398502526087264256e-06,6.116246937102612428e-06,6.295085916344355559e-06,6.017455113637169205e-06,1.058053843562968381e-05,1.081817550192970590e-05,1.168379988333128936e-05,1.263547643425866633e-05,1.456879930503761216e-05,2.516244143742122453e-05,5.154013344162278036e-05,2.614578346713242247e-05,6.461088752273296584e-05,1.163820524831912495e-05,1.162929595942041637e-05,1.436009459283541062e-05,9.405775918572257898e-06,1.055153465522815228e-05,5.173609291105092898e-06,4.456955628866757205e-06,3.552029000560060934e-06,3.825056014268328094e-06,3.297401834081162758e-06,4.725995127361400952e-06,2.862032818208543447e-06,2.564614898535022452e-06,3.756396076144207253e-06,5.094525945171295135e-06,4.145934681824780017e-06,2.700640956494577398e-06,2.761637515009589455e-06,2.564987632535357044e-06,1.984612807477566916e-06,1.019748418030775924e-06,1.206626977078542763e-06,9.433378106610999760e-07,9.620959487787927813e-07,9.677922609033718134e-07,1.124471164471872523e-06,1.103488036508043916e-06,1.038711094480780043e-06,1.306938295568087459e-06,9.628725837745727643e-07,1.096344365306652913e-06,1.271384606114460276e-06,1.312043698514253193e-06,1.527671402168490971e-06,1.346555259964132251e-06,1.100382221960953870e-06,9.223834225733456473e-07,1.323893263906642212e-06,1.470554750141926215e-06,1.529545800651215281e-06,1.330328161821517325e-06,1.569074831478762724e-06,1.654664036471973109e-06,1.399895683455471049e-06,1.628418620453820496e-06,1.344331299312369150e-06
1.395856859481523985e-06,1.319734652804502748e-06,1.533014025924542315e-06,1.469732983307376385e-06,8.211779664575626242e-07,1.413481117572434081e-06,1.404576584505942564e-06,1.429749532330193716e-06,1.141214530225978392e-06,7.637609373077762660e-07,8.598728670335218123e-07,8.816607821930128676e-07,7.403101159150713816e-07,1.118427522688074563e-06,1.527824421770156000e-06,1.217392603807204125e-06,1.015747480158142048e-06,8.551310035546085802e-07,9.974887262461913483e-07,1.317378022080176307e-06,1.571625898758289353e-06,1.619586768217815357e-06,1.064741615847356539e-06,1.383309309342168645e-06,9.557002464348148944e-07,8.931842470761738933e-07,7.337768048059712223e-07,1.531549872436246888e-06,1.168107002186313870e-06,1.466715265744605141e-06,1.043118311172493019e-06,9.316147339157050636e-07,7.583862355451387096e-07,7.510979548111171476e-07,9.378529783116652966e-07,9.397136480685512632e-07,7.771120151149469292e-07,2.463572030587444436e-06,3.643110380310852904e-06,3.086646482989119831e-06,4.184132514425978256e-06,4.904617754223399268e-06,5.223955671895160625e-06,7.259257464504868026e-06,6.589379884471258053e-06,9.488993405928843432e-06,1.285965191812666463e-05,1.464259693592694267e-05,1.540412353391634921e-05,1.707599443264661541e-05,4.363099585753781853e-05,3.559638621815121317e-05,1.495165637357780391e-05,1.700191848962284138e-05,1.585131979420617606e-05,1.780390386199390279e-05,1.661134129823484601e-05,1.289534838210064993e-05,8.925989035059105851e-06,4.058963843903039442e-06,3.527810253387560084e-06,3.702004475611300836e-06,2.948257913448208236e-06,4.265647712247687405e-06,3.999469737204276618e-06,2.602107703148619690e-06,3.943089555116967527e-06,4.344043869933893674e-06,3.970666549272410502e-06,3.436612347087919324e-06,2.329099158628752961e-06,1.632944570586961609e-06,1.645478360625373128e-06,1.694562790587815624e-06,9.821920521633791706e-07,1.236526616367220681e-06,1.167725150665364097e-06,1.025180317640506208e-06,8.752716309905283873e-07,8.859597480765421978e-07,9.834346069203694219e-07,1.255721935608246473e-06,1.535263871815530585e-06,1.225355886367793367e-06,1.277084476052672991e-06,1.251335247104233172e-06,8.951422822792942648e-07,1.573066830934160217e-06,1.115403164223855123e-06,1.535926394363673608e-06,8.562398860093903194e-07,1.041262219708726176e-06,1.720251122282132496e-06,1.492858906451334667e-06,1.480744722855251165e-06,1.618434721322468295e-06,1.017892592520484008e-06,1.212288423954619110e-06,1.604995743568331581e-06,1.352404313218358783e-06
1.513619133228085487e-06,1.609214860021475563e-06,1.286522767512855990e-06,1.177638937457827936e-06,1.064184814293018008e-06,1.276160839746119017e-06,1.261378909485957991e-06,1.246252420428130708e-06,9.367601989920312323e-07,1.152957588596841127e-06,1.113124205398800275e-06,1.193515419080471533e-06,6.758840760354420854e-07,1.054747121959520806e-06,1.313364717568891058e-06,1.029693312850879696e-06,1.305372768361324063e-06,9.007030585551768272e-07,7.623626790008923846e-07,1.169045743025114069e-06,1.356063458245509778e-06,1.221283021614022218e-06,1.183209797344454865e-06,1.171394125467598706e-06,1.250637934979859046e-06,8.407468718912258718e-07,1.070718676953289164e-06,1.498540118783443406e-06,1.418784496346095710e-06,1.598483753869021988e-06,1.143406288548775151e-06,9.955040777824825844e-07,7.623418763168085979e-07,7.544300754291486808e-07,7.043707348281514340e-07,8.451761979374970426e-07,6.131094849566250311e-07,1.923186879224381581e-06,4.314223045978653161e-06,3.134369305407285147e-06,4.159648597153013909e-06,4.361448936272645433e-06,6.160079388439543063e-06,9.772375629345623563e-06,7.946090700971505043e-06,1.137004513642111325e-05,1.523828803274033058e-05,1.622474644709353731e-05,2.263096098938574609e-05,2.390541828223257650e-05,7.192078728991132619e-05,6.060866630652973948e-05,4.535705772234617598e-05,2.059507455403895948e-05,1.974098912749824470e-05,1.902316949464582781e-05,1.555218080610462888e-05,1.357920333927052441e-05,6.594389788576823226e-06,4.743907480893086596e-06,4.052589548564472658e-06,3.725466889928417790e-06,5.149799468169750901e-06,5.155194739587047062e-06,3.696118143213726661e-06,5.560982469589060202e-06,4.509724915098930967e-06,3.316354444489809978e-06,2.691011727426736494e-06,2.644926019464076559e-06,1.810346304452514323e-06,1.319812792087781069e-06,1.098615771027635388e-06,1.416452057148549202e-06,1.255737854976086243e-06,1.203331962657960886e-06,1.027715887107210075e-06,1.332552943592410859e-06,1.356660443849611149e-06,8.497673565671974642e-07,1.029217616289221499e-06,1.295520239914947165e-06,1.380799705117468294e-06,1.204433528503025900e-06,1.397826236679428071e-06,1.143242290954537317e-06,1.029043559210433849e-06,1.367447742307708641e-06,1.411309517197608179e-06,1.488750097804703926e-06,1.393021752877619696e-06,9.841616865361798703e-07,1.207328609357207964e-06,1.154231043499512857e-06,1.193881716550698337e-06,1.701296344020818158e-06,1.218974214667914016e-06,1.159655778741839059e-06,1.244575007523204401e-06,1.654249561552620470e-06
1.490083519419069941e-06,1.755419283470379761e-06,1.063683223574693747e-06,1.123473082369389901e-06,1.305050552212485196e-06,1.256851954240876029e-06,1.366903854332560165e-06,1.156839079055980906e-06,1.071919046109487386e-06,1.392740617854265633e-06,1.045466828307071822e-06,1.547233134601332940e-06,9.114899797211705692e-07,1.285731077503450128e-06,1.243278810700257832e-06,1.192600518622859111e-06,9.099067032666775544e-07,8.576643787357519996e-07,7.804026592701977768e-07,8.950294842565030922e-07,9.406372810980817246e-07,1.420695522077148255e-06,1.649756336055184058e-06,1.546779566006006256e-06,1.372450589664706991e-06,1.100632456086592699e-06,9.823243418821642691e-07,1.535109915673231523e-06,1.627873606392585460e-06,1.197030812929486417e-06,1.460804013038500086e-06,1.257552036788171048e-06,9.158547943868924745e-07,8.226864248537633273e-07,9.823591240273541501e-07,1.205383523939322672e-06,1.158717983227451777e-06,1.545797948165957954e-06,2.914053161261144919e-06,3.220025602607494991e-06,4.475416345764478428e-06,4.786411586009881406e-06,7.265882062416025856e-06,1.090254812685920533e-05,1.068996592579138552e-05,1.204004194751344230e-05,1.762057243886272051e-05,1.484228962876685136e-05,2.637395283234121222e-05,2.699195188769787186e-05,8.342381224555315590e-05,4.608090558755042955e-05,3.467630141709551132e-05,2.215390398209636188e-05,2.895219699360344657e-05,2.205534056480167577e-05,2.058567878289998480e-05,1.259994081445348226e-05,7.269936443888024904e-06,5.058720526795737135e-06,4.322119710723006373e-06,5.870728615151140012e-06,6.896932655554321615e-06,4.811315280920362651e-06,6.340672862750207914e-06,6.351769842129390617e-06,3.710281175438757007e-06,2.810107450153718397e-06,1.890823939875869213e-06,1.488615584352376949e-06,1.508426506868669815e-06,1.452859592875661870e-06,1.521297153704992821e-06,1.222569199560666064e-06,1.639680417466135525e-06,1.528212076586134528e-06,1.132782301550124439e-06,1.088901395193021174e-06,1.607234649027877604e-06,1.360539592640808782e-06,1.387975682773688125e-06,1.352897390082136632e-06,1.139972907371626779e-06,1.434106169629225620e-06,1.419580992771690858e-06,1.140010396579742498e-06,1.256069082829765759e-06,1.096687976319041761e-06,1.505172382638177052e-06,1.346103898869375422e-06,1.169724248265729984e-06,1.294342231637481894e-06,9.721733603386966209e-07,1.281863483049894423e-06,1.210347183868277203e-06,1.259615892685572824e-06,1.261951800596729853e-06,1.289296419944188597e-06,1.294965219937961328e-06,1.878082792384482346e-06
1.379636981789909566e-06,1.444579931467984906e-06,1.245147282621674686e-06,1.347720777529732195e-06,1.590437869145940275e-06,1.051805165342465192e-06,1.019477666616148519e-06,1.172309323642348308e-06,1.315281566731376923e-06,1.248966663273345484e-06,9.391520604644123860e-07,1.572314976353038118e-06,9.876793751025836539e-07,1.255945569983242767e-06,1.129312384651355801e-06,9.323229990583847631e-07,7.781546094355852173e-07,9.884649464464954650e-07,7.553281396390737593e-07,7.066261800289586090e-07,1.297298163255457788e-06,1.533503852818397739e-06,1.866386489943575904e-06,1.296739748975777709e-06,1.620930965175981686e-06,1.204820079110434654e-06,7.777767493332779573e-07,1.515858359221388577e-06,1.216985549284184578e-06,1.519123247053321081e-06,2.277488584336921641e-06,1.939145492470682711e-06,7.613131173377150637e-07,7.449302287167153606e-07,9.388846963627624946e-07,1.068751721003169737e-06,1.003217701707254860e-06,1.005263307550325904e-06,3.285838830560763748e-06,5.035939542548914627e-06,4.413942017861742152e-06,6.304676092166934157e-06,6.915761770572113949e-06,1.088105241357915619e-05,1.210945030549022826e-05,1.386197232019976761e-05,2.226980035644755254e-05,1.738230596034827456e-05,3.175668143460331675e-05,3.198951639246673913e-05,7.769192311065827841e-05,3.666052795955723525e-05,3.961552752441007227e-05,2.862250527007708490e-05,2.876630766001946526e-05,2.150612795474450404e-05,1.945303873014575025e-05,9.697460235698300495e-06,6.796925946841753372e-06,5.558685520470159000e-06,5.409878151532636886e-06,6.565725363557510606e-06,5.320206481345465364e-06,6.735604200043783482e-06,7.360056940238734675e-06,4.992815012751915073e-06,2.811907555660092891e-06,2.053962289232663058e-06,1.213416133279029035e-06,1.144532156332447069e-06,1.208029437377649925e-06,1.310152168926408926e-06,1.901903503303832682e-06,1.585259357441497864e-06,1.947827688721207761e-06,1.772318911698396504e-06,1.483997202918630434e-06,1.522216040241307580e-06,1.267915812011928278e-06,1.055701552738262510e-06,1.620037799096040569e-06,1.295933847708351224e-06,1.164295207756085214e-06,1.282171597039266087e-06,1.253331993443287960e-06,1.174507407193194680e-06,1.126820263448112910e-06,1.092200085101461302e-06,1.263005973077734525e-06,1.301333091662827219e-06,1.086924983167429209e-06,1.584962556420408690e-06,1.060853569471626148e-06,1.454606410167317780e-06,1.162200918190952579e-06,1.175018916151228185e-06,1.240508099080726549e-06,1.289740206455830211e-06,1.190410511049240544e-06,1.665546084736679024e-06
1.303266270461050110e-06,1.707157542244091045e-06,1.220932003996262340e-06,1.501428896805641343e-06,1.393140420026248209e-06,1.030109692566590395e-06,1.276523842870187717e-06,1.034344176159285542e-06,1.090970474628345193e-06,1.098725598607369063e-06,1.450053714500911903e-06,1.472665033344168968e-06,9.615752886777205557e-07,1.287660110748046248e-06,1.299331651589328608e-06,9.778423694806582069e-07,8.306841258388955603e-07,9.895828794236008186e-07,8.837747670270907204e-07,8.559244924164916521e-07,1.063269734367553807e-06,1.228134842775354387e-06,1.567218230773230185e-06,1.605416278513971423e-06,2.240984873045560938e-06,1.408305915001056138e-06,1.056642031568322341e-06,1.455134778615597078e-06,1.140235480994089368e-06,2.337277756763805013e-06,1.677691074275068088e-06,1.902972019170982988e-06,1.354440816463816970e-06,1.051706450990636715e-06,9.952706646815715372e-07,1.039564117506184273e-06,7.986780044157640191e-07,1.166120293600960102e-06,2.257946199716645773e-06,4.843400941211407563e-06,4.604693059880428552e-06,6.426309119537055666e-06,8.258743845700266628e-06,1.193422013691267059e-05,1.411420896372752921e-05,1.620421874142006726e-05,2.456180938263585872e-05,2.169427235291399391e-05,4.035528653503851000e-05,4.525645248702868265e-05,1.298545392059488189e-04,7.916079611369094258e-05,7.088895951981378553e-05,3.814251128648866681e-05,3.245005642271882865e-05,2.907560247240301954e-05,1.806368914211259032e-05,9.713832171148533987e-06,5.235735860840319967e-06,5.232380054414227847e-06,8.102064814420974055e-06,6.567609015241061135e-06,7.919115028330459745e-06,7.841867320477749744e-06,6.140718511690028876e-06,3.750068269758932928e-06,2.205027850591548833e-06,1.813772261637073138e-06,1.388659439811912074e-06,2.079507581370681130e-06,1.543543347091420830e-06,1.294185417787593861e-06,1.522764715144163382e-06,1.554387643202912524e-06,1.487016813795805894e-06,1.510162401005488395e-06,1.497677196576982268e-06,1.364068764496373564e-06,1.045076474100362346e-06,8.541241850962514922e-07,1.158316205349102945e-06,1.552661846774926787e-06,1.329630285436936232e-06,1.466954831022848547e-06,1.064532395953066672e-06,1.419682364526927249e-06,9.092146300505315904e-07,8.816876815342267051e-07,1.150850490458741228e-06,1.110118205231690236e-06,1.087850012758162390e-06,1.512627363870527076e-06,1.348486366314247291e-06,1.243556459365204786e-06,1.193136528319362980e-06,1.158342375312212395e-06,1.065279947908303274e-06,1.643052529676728133e-06,1.238401133483105512e-06,1.258041364197162144e-06
1.262603768899977271e-06,1.685454868992932015e-06,1.444916625816172344e-06,1.393199473577333159e-06,1.456515137903709520e-06,1.510257059946786480e-06,1.240289008109408439e-06,1.051780114438053573e-06,1.163829805822104550e-06,1.253340422618651498e-06,1.562128181681938065e-06,1.119057624181183550e-06,1.051928899302562022e-06,1.182197064986172537e-06,1.122624266219245790e-06,8.001739085429691753e-07,6.879401459876397295e-07,9.403244476296587531e-07,9.697146822704096662e-07,7.452828045888936953e-07,9.694354261738348332e-07,1.285215460818363382e-06,1.644724594165562928e-06,1.784109984474519505e-06,2.170373741417288177e-06,1.730283199132790748e-06,1.084337649371360025e-06,1.486355835475184910e-06,1.212569296640351030e-06,1.595691105784715729e-06,1.380843211291922199e-06,1.916120422512410388e-06,2.073319982694907922e-06,1.141125769121925264e-06,8.102150285499885264e-07,7.770051074777940598e-07,7.079230147618520088e-07,1.395094961094274797e-06,1.780221703868848253e-06,4.337630531631422919e-06,5.914516727602101602e-06,8.151430299901574571e-06,1.119257958290428564e-05,1.231329819103687242e-05,1.630619273358565853e-05,1.645318882301498325e-05,2.766062623245293413e-05,2.956093412423027001e-05,5.082984453254508361e-05,7.137988247052641749e-05,1.994886716388237654e-04,8.336378726939662736e-05,4.100517806836209608e-05,4.105428343348541218e-05,3.793974572792554090e-05,3.168088998484457769e-05,1.258996296215689407e-05,9.878805614241123605e-06,6.345554012988762214e-06,9.808401221245353322e-06,9.640781944038564376e-06,9.932816030347036942e-06,9.292172227258953956e-06,7.322256832808610129e-06,3.460874491723885030e-06,2.117161992005971596e-06,1.594190134130034506e-06,1.850696061297256605e-06,2.196073170984571518e-06,2.449198536022848685e-06,2.137224594287330210e-06,1.503799833710744111e-06,1.521551789654821366e-06,1.180663515221420849e-06,1.459715939806721256e-06,9.032178235993693559e-07,1.179367075613646130e-06,1.034101988298335791e-06,8.427052579876489996e-07,9.201302229055933435e-07,1.002822040028424802e-06,1.491912785361018744e-06,1.643012380177802166e-06,1.684943748374294584e-06,9.611842233798689199e-07,1.257055780240944345e-06,9.009752947789532967e-07,9.265534620108205352e-07,9.074884844330031781e-07,9.764417743581007579e-07,9.680162184794312897e-07,1.615688221101326094e-06,1.768715894566147882e-06,1.005824941842567091e-06,1.081816156611321797e-06,1.262887505733843408e-06,1.213728592457656220e-06,1.684119442314015769e-06,1.393551663500681154e-06,1.203571982340779791e-06
1.135064424561986940e-06,1.560101327672174162e-06,1.407750750156397603e-06,1.384569037249696277e-06,1.579759598287600591e-06,1.574208268223845638e-06,7.765518085633482684e-07,1.239382204271943712e-06,1.362074813173486174e-06,1.260741928689681441e-06,1.384704588964857743e-06,1.011357067954185553e-06,8.872970854867570900e-07,1.271206008703815753e-06,1.003146357375555668e-06,1.232902427393014709e-06,1.065075213188409726e-06,1.177909918571301870e-06,9.163073975609563158e-07,7.932073600169274232e-07,1.220329809676193408e-06,1.242293389721232885e-06,1.530110878155307134e-06,1.528846161233110170e-06,1.941247964965784923e-06,1.744272493356257854e-06,1.595384040809481356e-06,2.024036752123000971e-06,1.333506234718147122e-06,1.362496911147260909e-06,1.515694140548238129e-06,1.980717228493952101e-06,2.197158875495995294e-06,1.740496702682914598e-06,1.194932990229801323e-06,9.731554836114210315e-07,5.392172925937608885e-07,7.584383625710243443e-07,2.245015733045988279e-06,3.935239098912889106e-06,6.961571549508623381e-06,8.660346375631534314e-06,1.247197684809794333e-05,1.415469257901693521e-05,1.981566044078936730e-05,2.365048828503353630e-05,3.653881449747515018e-05,4.094407817223367341e-05,6.447935708988846489e-05,1.357699966976457699e-04,4.324050095740697452e-04,1.949041713065197807e-04,5.440891374915934967e-05,5.087534523997689587e-05,4.712411499370099479e-05,2.947890206806885385e-05,1.290224783507186131e-05,8.106863100639793442e-06,1.155446517132451108e-05,1.431035912827945755e-05,1.403770339233988372e-05,1.133831043455894252e-05,7.394785443225508696e-06,5.078154332326275263e-06,3.066652066650291524e-06,1.887187314441149420e-06,1.255564441501500432e-06,1.512220986189848037e-06,2.059778598124328590e-06,1.807533260266479325e-06,2.045955996075885701e-06,1.559602854437114151e-06,1.418803802546299511e-06,1.238546982218531583e-06,1.311876777949312414e-06,1.006810436337766875e-06,9.486057863721388784e-07,8.048084572183908020e-07,1.021882575525302000e-06,7.754535987024379125e-07,1.141841738561500276e-06,1.521357551347388139e-06,1.693386837428579784e-06,1.249709999086513227e-06,7.634237984626717388e-07,9.144640281260100717e-07,8.312850858389264046e-07,1.490824404117901050e-06,1.419085734401970093e-06,1.310902312702221377e-06,1.258167384881545870e-06,1.558213935209791223e-06,1.550900889400899840e-06,1.051209621463332372e-06,1.158776954155771549e-06,1.321903461837557990e-06,1.353781339233757194e-06,1.701906715867377692e-06,1.512033224353880535e-06,1.419951096080885517e-06
1.226724145046194917e-06,1.323868279716027615e-06,1.422848653458103949e-06,1.356677357912715261e-06,1.603827102865134311e-06,1.394594540200988902e-06,1.005458584718221104e-06,1.403034891572685108e-06,1.448489651670930801e-06,1.205805473900047481e-06,1.249360167683861244e-06,9.862427146189395946e-07,9.372060519746979990e-07,1.018756101103761102e-06,8.811083737108867020e-07,1.416093627011276495e-06,1.120542931841060616e-06,1.136232874549069680e-06,7.354530670879764347e-07,8.115705983614819570e-07,1.230379458068192428e-06,9.939739526235023175e-07,1.299279655413725611e-06,1.538897375860342908e-06,1.946357721168124140e-06,1.549394483878280352e-06,1.525046129363640086e-06,1.592394869968396160e-06,1.350900517601990262e-06,1.634504371470906543e-06,1.289740628738540000e-06,1.931130569642399377e-06,2.035376010102561751e-06,2.583196593629976439e-06,1.794507020030459923e-06,1.249874328679260216e-06,1.032677151748983902e-06,7.519481269094395140e-07,2.187032445517617009e-06,3.491487151222172958e-06,6.955891732854661162e-06,9.879015095266772183e-06,1.563182259379680654e-05,1.718809487001961818e-05,2.275383450159250998e-05,2.723682285204131079e-05,3.582589382791296690e-05,4.828986567247678797e-05,6.889169474209423194e-05,1.485562287306019149e-04,3.113449864940631066e-04,1.555043989949337388e-04,6.705462247177829019e-05,5.747313710178626018e-05,5.480321856272397354e-05,2.468469214898800216e-05,1.767832680944417386e-05,1.285341519353993098e-05,1.681469309860546453e-05,1.689006405448382662e-05,1.517009206105143325e-05,1.013616178595068205e-05,5.994150115199472577e-06,3.409465072050905053e-06,2.841345594329266926e-06,2.396738566274998345e-06,2.010179238780431283e-06,1.973932026077179298e-06,1.909968238883735424e-06,1.646971934094273402e-06,1.275511409683600581e-06,1.065209234152279181e-06,1.100384297770751258e-06,1.315721637434553089e-06,9.132410360291994390e-07,7.131095251107094646e-07,8.755371068526209833e-07,6.078808008318104463e-07,6.831957308374729614e-07,6.732298930815604679e-07,1.118476665228280587e-06,1.014828444431454928e-06,1.615718005526238946e-06,1.160476703946643205e-06,8.884351416031131172e-07,1.023439636821731029e-06,9.743876423541415121e-07,1.670628306072120535e-06,1.440165008009511659e-06,1.417138183255781156e-06,1.268981106939022750e-06,9.954574975437395864e-07,1.088651798954615986e-06,1.116546988288151723e-06,1.024898154834671136e-06,1.460798278799216407e-06,1.411154087220285883e-06,1.286698755344783846e-06,1.276715845868136749e-06,1.330615029578749667e-06
1.336407049422857564e-06,1.218862434629413651e-06,1.457436635070065535e-06,1.333077611579563434e-06,1.568191012469536072e-06,1.195620384901416987e-06,1.488721060199128750e-06,1.436310427971634606e-06,1.494178578928307274e-06,1.258066446583445519e-06,1.077984538012527107e-06,9.753365517630326168e-07,1.025716292865525157e-06,8.701942459459845326e-07,8.355399638665960211e-07,1.300839289563653848e-06,1.120386606703669245e-06,1.121156529207855239e-06,8.448615996922493093e-07,7.988522468426938930e-07,1.229382495889800023e-06,8.908586611733074784e-07,1.278195406030825179e-06,1.125076989813755878e-06,1.266717273088324954e-06,1.290118833358095847e-06,1.567265360240854170e-06,1.849421068010071231e-06,1.654044967595210394e-06,1.504604622958885551e-06,1.460762189950299616e-06,1.721232103515572034e-06,2.349603131716801153e-06,2.867516302424345001e-06,2.009178943312175395e-06,1.693781739741004882e-06,1.231511089448163095e-06,9.222293243971896339e-07,1.837224446303531839e-06,2.468437903366416616e-06,6.418558643726139169e-06,1.056265282673966419e-05,1.833361790811501718e-05,1.768937283636582816e-05,2.471520042901654667e-05,2.965806319335523170e-05,4.100624990929241121e-05,6.134683230782597718e-05,8.365294395132597709e-05,1.411140345768601919e-04,1.104487336201132633e-04,8.161503110416913696e-05,8.347335198918464435e-05,7.510819500198599404e-05,5.231988568986546136e-05,2.400487034945053962e-05,1.685706154977764919e-05,1.998847200229577798e-05,2.152184497137914391e-05,1.810111336597494794e-05,1.315356799044156323e-05,8.517031644983002019e-06,5.338507885122383894e-06,2.901504964386592920e-06,2.692230329406550447e-06,1.885879376597989547e-06,2.368069309261185346e-06,2.239522055876059888e-06,1.813147553132253472e-06,1.869691958534066043e-06,1.216001381954469881e-06,7.472637473146930909e-07,8.671034978483311396e-07,9.047375774854999481e-07,7.485155655159669840e-07,7.026218088182496775e-07,7.438936280454469749e-07,7.234635308356479655e-07,4.676643694050150108e-07,7.835719810338691492e-07,6.596328981585308074e-07,7.416992929586110127e-07,1.160491427117946240e-06,1.059473942198500586e-06,1.207657753460522553e-06,1.125416297690355770e-06,1.153010569846855837e-06,1.392315305509066727e-06,1.456971323967896116e-06,1.241596218708929035e-06,1.168532606742042815e-06,1.052408565587702291e-06,1.139995733709175341e-06,1.242557315754341951e-06,1.169444416004767260e-06,1.358663713780736936e-06,1.554424103495483542e-06,1.121554430928745855e-06,1.058636760650148247e-06,1.310059650454992132e-06
1.143792481851890576e-06,8.398532330802639632e-07,1.399980243768215845e-06,9.611840101114644762e-07,1.516018523320358377e-06,1.473263218401196651e-06,1.670785838704968619e-06,1.138407390941156409e-06,1.199288151958682693e-06,1.342382241662516253e-06,9.064413415341524792e-07,1.084052666069144734e-06,1.223152100649520413e-06,9.390875614948322211e-07,8.406753090061280300e-07,1.386911336265442389e-06,9.729174988508202261e-07,1.086869563228888995e-06,7.764471441575102340e-07,9.611606098840315028e-07,1.082359571998245048e-06,7.707144160660126414e-07,8.663541670647155938e-07,1.131474482973689849e-06,1.228525684605559065e-06,1.381317043904379729e-06,1.565704562435023339e-06,2.333848047772195800e-06,1.659252854150274247e-06,1.751810634744080895e-06,1.869819149935028851e-06,1.919619744461756468e-06,2.676742282703577322e-06,2.756499638060683509e-06,2.862592773954488248e-06,2.736355774117423803e-06,2.291759552479634992e-06,1.156035335044353808e-06,1.747306568800443050e-06,3.532439896029426492e-06,4.782970973742222192e-06,1.280832055398454383e-05,1.763861224030176684e-05,2.218153922122391571e-05,3.314675099826250347e-05,4.345705144656934299e-05,5.462279285027023907e-05,8.085107303625311376e-05,1.092105325450322081e-04,2.127952408097798568e-04,2.141127366079369177e-04,1.483888106889037057e-04,1.094385814706310626e-04,1.065750081989406332e-04,4.588352887176152389e-05,2.126120924376734113e-05,2.142759961232053962e-05,2.773467219811346846e-05,2.512711004916660278e-05,1.899274298210155303e-05,1.204795286683417796e-05,6.450741738729903877e-06,5.036185898361397238e-06,3.251745767465097991e-06,2.785763019488712889e-06,2.458557055643494554e-06,1.999368232002098347e-06,1.970107903482979848e-06,1.305232711375475289e-06,1.006680639860551382e-06,1.184054796254088654e-06,8.100834226961704343e-07,6.638794245230854228e-07,8.559874910210134927e-07,5.625684470618103423e-07,6.304603859939356869e-07,8.239339616129893948e-07,8.799306620973787039e-07,7.974574264235147021e-07,9.448515371617338578e-07,5.369036370416389301e-07,7.080486898147676091e-07,8.807727918114044960e-07,1.194078462508359888e-06,1.321663000103924187e-06,1.063582565784701314e-06,1.194485006094754810e-06,1.411476030206370931e-06,1.378351842119299524e-06,1.243392355596698856e-06,1.269810814282817897e-06,1.107348194055575618e-06,1.055873164817191534e-06,1.287917192503863782e-06,1.440355725071196526e-06,1.357465148229733249e-06,1.416953552774824460e-06,8.570021820353885983e-07,9.613395317618863867e-07,1.470935706762240187e-06
1.679559107149307956e-06,9.181800041333216574e-07,1.609809300631263681e-06,8.653421263822931017e-07,1.562441692664665169e-06,1.435418588385103462e-06,1.530093360747435449e-06,9.960251406070511543e-07,9.834937790593384409e-07,1.271543559745057336e-06,8.451194308614619783e-07,1.021639819891963823e-06,1.262952042362903761e-06,1.066908617274968416e-06,9.388152669663022982e-07,1.128027271773511517e-06,9.995132543383743427e-07,1.063989561126466078e-06,7.297091818649978091e-07,9.247052809560371978e-07,6.984203884706523825e-07,7.619815201135164499e-07,1.145582986233615708e-06,1.408245278590132140e-06,1.039518675663559303e-06,1.527948605408100093e-06,1.404973537248592450e-06,2.239861380367931231e-06,1.931960875444545702e-06,2.415276429584388282e-06,1.955673867418201699e-06,2.437790687222992406e-06,2.497252378320714250e-06,2.832216729550229828e-06,3.216239026326751132e-06,3.589683377500210080e-06,3.094255818880708640e-06,2.465910732988989679e-06,2.124284347560390864e-06,2.655973966601389865e-06,3.364216606978018342e-06,9.613196163030905141e-06,2.138662106968445219e-05,2.967812315303205607e-05,3.772768768405728850e-05,5.264430712529601303e-05,5.774707860726366419e-05,1.066734846533922885e-04,1.412121891542797393e-04,2.896651474225346687e-04,2.828179991040675307e-04,1.578654028557210660e-04,1.277200777789780318e-04,1.028879074603249617e-04,3.797512051882831024e-05,3.174221216809760025e-05,3.921946838810617177e-05,3.753340821325410788e-05,2.469587177228596832e-05,1.608399658244844652e-05,9.403285670543184586e-06,5.410300299306100792e-06,3.658830207727758437e-06,3.703313155673618776e-06,3.238313793681118608e-06,2.286166111570969892e-06,1.628878681619411310e-06,1.388330451482329293e-06,1.106605313715167942e-06,8.873947930571232963e-07,1.067619744777536221e-06,1.079245033623449668e-06,8.805043238614392717e-07,9.749522634139260839e-07,7.445094655990460053e-07,7.609445497491813924e-07,8.773456624157834779e-07,6.195489954007295069e-07,5.820211723668965922e-07,7.798604361746094793e-07,8.077566695982403804e-07,8.418232815253621209e-07,9.273822486107531978e-07,1.325161097210303297e-06,8.458458311064604328e-07,8.810607886113794635e-07,1.316603185972937443e-06,1.295585003419074687e-06,1.180704660432407508e-06,1.288239267107646917e-06,1.252008761789157255e-06,1.363018030016737675e-06,1.145220944471229433e-06,1.295165545327100787e-06,1.371490204706201603e-06,1.378729346197266319e-06,1.383228766437783582e-06,9.672017179918192667e-07,1.068445408987826533e-06,1.626389406327305505e-06
1.663712091570132134e-06,1.374078710886647155e-06,1.519803628954977419e-06,8.479557855085793212e-07,1.261527733634063483e-06,8.584802979426556750e-07,1.441069350140729280e-06,1.048874662089776193e-06,9.846297719820948516e-07,1.277727938854939555e-06,9.937755734740721949e-07,1.247228075877247655e-06,1.174726710979243423e-06,1.113987326278180257e-06,1.368122808804593863e-06,9.163223480329116600e-07,8.898694136333083781e-07,9.885806197598131681e-07,8.176492654756758097e-07,7.264603083401507105e-07,5.587651362240284666e-07,7.582837990301378570e-07,1.156498548751692917e-06,1.111934901460761117e-06,1.111633196360275732e-06,1.397983282630747871e-06,1.644495568866831606e-06,2.322300424083293871e-06,2.295352880542524432e-06,2.782846231506890721e-06,2.897520754887385071e-06,2.491406374000166887e-06,2.418297409918107502e-06,3.020626923183095355e-06,3.057108697209282381e-06,3.647402502624636381e-06,4.837058373463112204e-06,3.637583314719717910e-06,2.920335233541059688e-06,2.519600898828355511e-06,4.771519352228698762e-06,9.300887109800957638e-06,2.155591299633034526e-05,3.365145682848801561e-05,3.992174680427647249e-05,6.295916310247472766e-05,8.190024978692802432e-05,1.581890561448908870e-04,2.202209225722775814e-04,5.393796871407171428e-04,7.639378137297265191e-04,2.469499546395122398e-04,1.839019997407351432e-04,9.498316572877378485e-05,4.179913211469366024e-05,4.621879029136071067e-05,5.359636810430158373e-05,4.105981602021047707e-05,2.532530737127081948e-05,1.245702398358352585e-05,7.818893413164802479e-06,6.365212223920199266e-06,4.145614366937184760e-06,2.495175575104150611e-06,2.829534006752887438e-06,2.456753857947142224e-06,1.106841782881562122e-06,7.982605901379075768e-07,8.600010675539699013e-07,9.779096594101153340e-07,9.465433502572438862e-07,1.004264390790948206e-06,9.753074369155956913e-07,1.006169968250867342e-06,9.555234340645092735e-07,9.270437435065886412e-07,7.930135361815631474e-07,8.893270948934743114e-07,4.893663765948244702e-07,7.365997621593064116e-07,8.613709661827305766e-07,1.073233463528099947e-06,1.036148740231231001e-06,1.326028806462438888e-06,8.969527614127032558e-07,7.187849774326097262e-07,1.242682489528918167e-06,1.382028011382078066e-06,1.159781370186060177e-06,1.163870038252155922e-06,1.064499419663751581e-06,1.238856380251958488e-06,1.332182208549796352e-06,1.367240206313347939e-06,1.316394187038793254e-06,9.735793764477158076e-07,1.288879287403421033e-06,1.146307064189647014e-06,1.083337076251773866e-06,1.366744089575123438e-06
1.637074849754184684e-06,1.100081240957682118e-06,1.395484431459629279e-06,9.779278106454444719e-07,1.303785264538782652e-06,9.502192438793163920e-07,1.125445379101446624e-06,9.469195679554793456e-07,9.057327221439267520e-07,1.386952460043189725e-06,1.050217978175116135e-06,1.300802465282535936e-06,8.475655953198819601e-07,1.067455297605007779e-06,1.489911692600900183e-06,1.034697559323026980e-06,7.103730540089334332e-07,1.014653646049809760e-06,8.570491396473861848e-07,6.672600109769416928e-07,7.081954300117290715e-07,7.916449423507172150e-07,9.712827732230398685e-07,7.237109321070744996e-07,1.084829981672095647e-06,1.144808574883584120e-06,1.851165870982570950e-06,2.203567109911081317e-06,1.946760097381902729e-06,2.970632046489653206e-06,3.151382790671024638e-06,2.858320345120946798e-06,2.736510038928433412e-06,2.928830527074117191e-06,3.504169888592144092e-06,4.885311819205754722e-06,5.713103472885236125e-06,4.494768048400956459e-06,4.661088126459171963e-06,3.643720581061329377e-06,4.977478550338737476e-06,7.298265585891277776e-06,1.779232812924544618e-05,4.185483126834055534e-05,5.581157119270387161e-05,8.311447740865402249e-05,1.105130094813106515e-04,1.816375511820350272e-04,2.612304184332673554e-04,6.711212442519592621e-04,8.995778109557662269e-04,2.854393564420264640e-04,2.335827290838101171e-04,9.607199741711773891e-05,6.709733158840447799e-05,7.605333001001281831e-05,6.043872603322860684e-05,3.614007436769920334e-05,2.122046758546847613e-05,1.148728165066006677e-05,6.133647632683985049e-06,5.304571726346027497e-06,3.885931409664232482e-06,2.843093728085069266e-06,1.766242827851391729e-06,1.920837007236540709e-06,9.149718635078035856e-07,5.734339199127864164e-07,6.862705982362829796e-07,8.389577079414342762e-07,8.585849830525025692e-07,8.690289344985272675e-07,1.096308216905752595e-06,1.000206630739708247e-06,1.003366723761116584e-06,1.100250963394437377e-06,5.277397104838276477e-07,9.230019099091755553e-07,7.130221870817817794e-07,8.986689503434081101e-07,8.293606263808155881e-07,1.062954634223346707e-06,1.219406908831594070e-06,1.026554374013862675e-06,1.103756361615750085e-06,7.893732442630685765e-07,1.142117012851584611e-06,1.150869915202039266e-06,1.100400890244271947e-06,1.151693958437948879e-06,1.224364177832053220e-06,1.113154140033519709e-06,1.249201668387305555e-06,1.102010981177592863e-06,9.182046092204691699e-07,1.046044126037171406e-06,1.593192863130128081e-06,1.401723602599378220e-06,1.277297104188484854e-06,1.169605942466001052e-06
1.598262587750025368e-06,1.070355141028643438e-06,1.468883376475707122e-06,1.054768249310508053e-06,1.201215380126642995e-06,1.138435547251773835e-06,1.260863668615333219e-06,1.201815098469292255e-06,8.979915402124228772e-07,1.159223782224445025e-06,1.273046320935154681e-06,1.550308535063466005e-06,8.443945619973886878e-07,1.048160096096456156e-06,1.279930265245451099e-06,1.095211960734959782e-06,6.713257103734767507e-07,9.678492728494017615e-07,9.877750946546742656e-07,7.338059800205012216e-07,9.076975669602437381e-07,1.021305379759637991e-06,8.549579714647247050e-07,7.159524648937563897e-07,7.946052789045108724e-07,9.820561290287225505e-07,1.378911131727471789e-06,1.570384647244251618e-06,2.029488224788291067e-06,2.758611508203154891e-06,2.795335676055702131e-06,3.242062000742872522e-06,3.407813691802934310e-06,3.712569203213717449e-06,4.825627668407611740e-06,5.270536506580335997e-06,6.171778903714779927e-06,6.699420628154198583e-06,6.752297067597447252e-06,5.536702172134722825e-06,4.342060800425936872e-06,5.777469934497802690e-06,1.844863367975539049e-05,4.526381557527972549e-05,7.038504531944788571e-05,9.179895252332996385e-05,1.219507604952204641e-04,2.034686116641857157e-04,3.059828467962441806e-04,5.288475867272673979e-04,3.437081543227456324e-04,3.089361910527939716e-04,2.419665309132443644e-04,9.357907053529127797e-05,9.618115409604871232e-05,9.724864624092406987e-05,6.318364740118322131e-05,3.063654005164215537e-05,1.671497104262536341e-05,1.054239945899530226e-05,6.546143852991647024e-06,3.561079980176993777e-06,2.923381988246518061e-06,2.169329322213926204e-06,1.321945696982160702e-06,1.283093296769769224e-06,7.565667903228523321e-07,6.273133754737601760e-07,5.927089093347135175e-07,8.223601476684483493e-07,1.041518349687566784e-06,8.299988948464408768e-07,8.836640945039688154e-07,7.297446281099173228e-07,7.274273611399753233e-07,9.432814781986113075e-07,5.832524027611889270e-07,6.700955039408252670e-07,7.713729395011445271e-07,9.368838402900685658e-07,8.131451078566325147e-07,8.887114271023742119e-07,1.077030367531903191e-06,8.703230504642442795e-07,1.049464208662443550e-06,8.972958714630288916e-07,1.056318208573552832e-06,8.260523257797310761e-07,9.453778746173458581e-07,8.421391831981683310e-07,1.054498197893698478e-06,1.056836406889008848e-06,1.250782028738482054e-06,1.020229366227351902e-06,9.693668437038171329e-07,1.174135605699316538e-06,1.915975313421584047e-06,1.570425754661943825e-06,1.393065218677733386e-06,1.272766392485495326e-06
1.467685376475957597e-06,1.061540294777252649e-06,1.437571339541634915e-06,9.205593451320455928e-07,1.109099639264233158e-06,1.239883186636088682e-06,1.150095128399647420e-06,1.268400931374933726e-06,9.717624740112553627e-07,1.251186058616044961e-06,1.144007106879548341e-06,1.523855383006174204e-06,8.193181128965561984e-07,9.761528021176812147e-07,1.113522525486725548e-06,1.306716104774650057e-06,7.233461730700722991e-07,8.105941457577453602e-07,1.014549492236259670e-06,8.444478798552517642e-07,1.001997259735412437e-06,9.534279144676600044e-07,8.252387382336943499e-07,7.765637404500278384e-07,6.537941621300804278e-07,8.332443579222283944e-07,8.919200424392071789e-07,1.391129519559401250e-06,2.023773028899074223e-06,2.399182834288997931e-06,2.860710082952870062e-06,4.010893223378406552e-06,3.934551828943533450e-06,4.497357157820655325e-06,5.659807689082132388e-06,6.643234722234550775e-06,6.979313005114705083e-06,8.618752239563141844e-06,9.288548521051533721e-06,6.954218435842771006e-06,7.755802712019461452e-06,9.660549422482802857e-06,1.585577358147021305e-05,4.133413693679401768e-05,7.710134466064165340e-05,1.326885925536834760e-04,1.909152285708812409e-04,2.961880703906414670e-04,4.843021636467827423e-04,9.366031757847713326e-04,7.358719413096020175e-04,4.831393596901508163e-04,2.847747533218140622e-04,1.300119009654609548e-04,1.285874856769985851e-04,9.314478542231545747e-05,5.129129943672175652e-05,2.946681428169124761e-05,1.297203333075398474e-05,8.998396890520996886e-06,5.029668325573732338e-06,3.866820354506263876e-06,1.896942687982634184e-06,1.532905819812802447e-06,1.296247899856279773e-06,1.142169607143890801e-06,8.352783778822341422e-07,8.625224159893524776e-07,9.016529435216265651e-07,8.654804965664215107e-07,1.100466320098547941e-06,9.222251331670897894e-07,6.901390702334589289e-07,6.134819479158307435e-07,5.995491376119246440e-07,8.445675696569346342e-07,7.172489817848204980e-07,7.981255422863032133e-07,6.003763866563661479e-07,7.937931450088189260e-07,8.173598617212243945e-07,8.465550396080504710e-07,1.134020582216090367e-06,8.784053662268659304e-07,9.859844883426557636e-07,7.795069199965916660e-07,8.401023536624396635e-07,9.674059266465958849e-07,8.602260533020607336e-07,9.182573831722889909e-07,9.679725760117270971e-07,1.197659086315277745e-06,1.155186929340840222e-06,7.609909190461107651e-07,1.031233712047847907e-06,1.067296495325951009e-06,1.627135752579415581e-06,1.596792984573151056e-06,1.011025523323847675e-06,8.723002482361015886e-07
1.583636801052645375e-06,1.140978221185461089e-06,1.540800763883783637e-06,1.131896133623694466e-06,1.018633410287154907e-06,1.481820791102112443e-06,8.552978445758037894e-07,1.262986045356539575e-06,1.188972215540295291e-06,1.079454978681081140e-06,1.435368440228583620e-06,1.434705187146200082e-06,8.546568822385264069e-07,1.121507457355560954e-06,1.043168507653055865e-06,1.155034045439301670e-06,6.821666815412778272e-07,9.113751848986560575e-07,1.057874959162309908e-06,9.303109580305415246e-07,1.009923128457875410e-06,9.531108746059287081e-07,7.636163796929317123e-07,8.945707716193858946e-07,6.853923061615437667e-07,7.777365338720458811e-07,7.999118551037093109e-07,8.986509518659680765e-07,1.644132761166414872e-06,2.191619321799752844e-06,3.207036493726812383e-06,3.809181164278934892e-06,3.827538534896565326e-06,5.510386519674290441e-06,6.483170359388853956e-06,6.169722266786046226e-06,8.889270565278642938e-06,9.909615205248885334e-06,1.168529380656936743e-05,1.272776416783303791e-05,1.206980265054190131e-05,1.230192679160536195e-05,1.296503092771983276e-05,3.129695044218193416e-05,1.082326192607957623e-04,1.876953792942081948e-04,2.500604605640106230e-04,3.467168471554166772e-04,6.679656730633299700e-04,1.276936709228246010e-03,1.052249005010127188e-03,6.680334460745316477e-04,2.754934066930988211e-04,2.144093187515509378e-04,1.908080213351611972e-04,9.097250700009649668e-05,3.926218537722196640e-05,2.432578055135639034e-05,1.420451014538385243e-05,6.708557979549176095e-06,4.379368453228309015e-06,3.719294199905894894e-06,2.667291352425422971e-06,1.753597278755351271e-06,2.280794757576181644e-06,1.692118354890766687e-06,1.376414518910702725e-06,1.658842305879926989e-06,1.809475108608102863e-06,1.187508934299960276e-06,1.261519902432211159e-06,1.112759310745291113e-06,9.625254999461978025e-07,8.843246662862394903e-07,7.544705628834631785e-07,8.226046540082700214e-07,7.829724978338945475e-07,8.634198139312891624e-07,6.195320458206435791e-07,8.952256998562992416e-07,7.462189596545302079e-07,9.172167069075236124e-07,1.086065756663525106e-06,9.598470383041767950e-07,1.270628601027103834e-06,8.502328909265494477e-07,9.074532820587551122e-07,1.112128164895815272e-06,1.230419062967891646e-06,1.242017352772753005e-06,1.204116806972008866e-06,1.219164265120823724e-06,9.686178479778035839e-07,1.034154484426906345e-06,1.119355990319246345e-06,9.419366796181048227e-07,1.124501688343338849e-06,1.661225932278410327e-06,1.169920546474629412e-06,8.809268244726720266e-07
1.533442381931635346e-06,1.399922662885865358e-06,1.155398575278701582e-06,1.039016405525665502e-06,1.325450231358267664e-06,1.850561099965947835e-06,9.084867804842344126e-07,1.084957116640311872e-06,1.192955425535195052e-06,9.614262555356895443e-07,1.571663468646751755e-06,1.408893670412021479e-06,1.059426018221627559e-06,1.162344127405254397e-06,9.316749591131100467e-07,9.683303749894172496e-07,6.193779755028968987e-07,9.344564147924645234e-07,1.010578750529605344e-06,7.055850585598496824e-07,8.902017906294047709e-07,9.148356954241681652e-07,6.976642712563356716e-07,7.803325384008235562e-07,7.982146945417794051e-07,7.499072872694179682e-07,6.456766207221356263e-07,6.187469863592722842e-07,1.708885845535902566e-06,1.909651038535334733e-06,2.700121010153307006e-06,3.430241371489609647e-06,4.643386904069124045e-06,5.529204086161890163e-06,6.190097666653235235e-06,7.711391872618640394e-06,1.036401029006514875e-05,1.260233543010398305e-05,1.515080614190052477e-05,1.701702402141858555e-05,1.852087141509333219e-05,1.550862447200348712e-05,2.210118236176374516e-05,4.195039546231737619e-05,1.100020889711235135e-04,2.090375048538980780e-04,3.120042184565135156e-04,5.246669407016504947e-04,1.322456338445652862e-03,2.608925611499079457e-03,2.075667350928424998e-03,1.001957167525642381e-03,3.089406302362673689e-04,2.892984556998120398e-04,1.972828788889179823e-04,9.437292763349490400e-05,3.794243706703401704e-05,1.668395462791032039e-05,1.376982831181720867e-05,8.498455617929851034e-06,5.628970716346123803e-06,4.185486498013283947e-06,4.411501136674896286e-06,3.647745102712808034e-06,3.575368606435026743e-06,2.896152065083055369e-06,3.146816712784958291e-06,2.321568396967142703e-06,2.606955451689804211e-06,1.866977628046881610e-06,1.511744620898792311e-06,1.318205706774669742e-06,1.497521520194441906e-06,1.155061513743971911e-06,8.850600236810577309e-07,9.580047791357756230e-07,1.183937075193011204e-06,7.496395765693397386e-07,6.651954041807391010e-07,1.116164325240284483e-06,9.060835937600666799e-07,8.646037218514032117e-07,9.475213928341900458e-07,9.761681752222512108e-07,1.290940908379005054e-06,1.176744718086369941e-06,1.205011904567678186e-06,8.849693436288037642e-07,1.208739447362995561e-06,1.332613164209335361e-06,1.149883453096866267e-06,8.015564984220339949e-07,6.354260630363109048e-07,1.161859498048607920e-06,1.445956650092143933e-06,1.076072383112855112e-06,9.652056221154765833e-07,1.462133422618238604e-06,1.243684660730859301e-06,1.223199341102914119e-06
1.262667786146660187e-06,1.102521234332923525e-06,1.113304087722909056e-06,9.737018077204906528e-07,1.344391542619663488e-06,2.021414641229304836e-06,1.071208796142059861e-06,1.099223616639428673e-06,1.156054647544976076e-06,8.250973383546116421e-07,1.012546072923970316e-06,1.021948812709279920e-06,1.252220656520438030e-06,9.888745801831383476e-07,9.868437775522147695e-07,9.319746023920106774e-07,6.900469379421389395e-07,9.768236556167486756e-07,9.115669014106358396e-07,6.953226389113366139e-07,8.054111740386677231e-07,8.473337602457783477e-07,7.539801469759350359e-07,6.761165875130116481e-07,7.180984950744280420e-07,5.894316234662981648e-07,6.604805327449189628e-07,7.114826793858432466e-07,1.373250752730382236e-06,1.639627051510798264e-06,2.175655206079088434e-06,3.356032099037843956e-06,4.439708255468442266e-06,5.294731472852297387e-06,6.135907624884083552e-06,8.526532555348720132e-06,1.169877962587984257e-05,1.280700779634061086e-05,1.846107238607612512e-05,2.205692052685473398e-05,2.305573032201801878e-05,3.043451366275461779e-05,3.700706660555947374e-05,4.630766919648749216e-05,8.057878779272969159e-05,2.612741250498873077e-04,5.327847038411396815e-04,8.688490937590404506e-04,1.977556763650305423e-03,4.810127725682337985e-03,2.978868432360609522e-03,1.338713579682492385e-03,5.972902107426612730e-04,4.149335281549073749e-04,1.597164995959766628e-04,8.173389354992109202e-05,4.117150469508164148e-05,2.188714233795944163e-05,1.216143774748652298e-05,1.109134850998605022e-05,9.742903962056036421e-06,6.128558753426168379e-06,7.049700397556119574e-06,5.706409529442935824e-06,4.770817023325149420e-06,4.090183453155298661e-06,4.840580079815343883e-06,3.398541042026024834e-06,3.094922376584869122e-06,2.503627743277355007e-06,2.099422855819226730e-06,1.822289850756090758e-06,1.932033981045892468e-06,1.486653084708584305e-06,1.136231333099609032e-06,1.055243773387520266e-06,1.507259873439873078e-06,9.437616567537399975e-07,7.152861407723829493e-07,9.319774397343662749e-07,9.966476147067673034e-07,9.644307626590138930e-07,1.052622336412930271e-06,9.802968901367916963e-07,1.036860815617251993e-06,1.286448488812537110e-06,1.306424289986932947e-06,6.916140755310447609e-07,1.180740907149376621e-06,1.251837662125253363e-06,9.589925435481040085e-07,7.393629104521300860e-07,7.194353355797130621e-07,9.186933442682713057e-07,1.370471153470244015e-06,1.101951958860964521e-06,1.464873329836134247e-06,1.469556987734537457e-06,1.086215855904475433e-06,1.403925472433096295e-06
1.050578079474336910e-06,1.075171799360611121e-06,1.098904602280355774e-06,1.293294402116065526e-06,1.335015682010862409e-06,1.808706225896236422e-06,1.176632916639881152e-06,1.253279882650700668e-06,1.268814753624000358e-06,9.313095268536198135e-07,9.087270266068882772e-07,8.198679504185973004e-07,1.102691177054578691e-06,9.424561484854714673e-07,7.836062704330395418e-07,9.498250043856806349e-07,7.446269075820394521e-07,1.046774784082493901e-06,8.264736264917503636e-07,7.141006316333978256e-07,6.338781253033805567e-07,7.646288511555898934e-07,8.003048161343165418e-07,8.335293072368024078e-07,6.515580309299526485e-07,5.023665826447859973e-07,7.621855789577128079e-07,6.075990247752387203e-07,9.709379180404816127e-07,1.647208446049986821e-06,1.684091612660546956e-06,2.952975000922021923e-06,3.622991840869029463e-06,5.229452704431583649e-06,6.023779898534728047e-06,7.936808364261719871e-06,1.108994548682067365e-05,1.436376319103809997e-05,1.972581189664999280e-05,2.696118018659367121e-05,3.419538610979346396e-05,4.289145758028789626e-05,5.221277114806693257e-05,5.405317841396261208e-05,1.196930191200287422e-04,3.343128510638616034e-04,6.637774516891221379e-04,1.078285440248523842e-03,2.264927352739714954e-03,3.154084644372449637e-03,2.605779099406495963e-03,1.249997163366725400e-03,8.382103540126822731e-04,4.647110604672207790e-04,1.897351704769164227e-04,5.962812916110206012e-05,4.399783330595425458e-05,3.187074690102563148e-05,2.111959441692286469e-05,1.493076215413762505e-05,1.470263284150204540e-05,1.147446211037279528e-05,8.781149653008943077e-06,7.387510942168170858e-06,6.171757386416552312e-06,5.328379695837537943e-06,5.211174964874741510e-06,3.942554720413967261e-06,3.499283729620788176e-06,3.182074252845201851e-06,2.407148450517078033e-06,2.523952088239510579e-06,2.374840842541399147e-06,1.696977032847081148e-06,1.375455176411519344e-06,1.380972064610887447e-06,1.594871670580807431e-06,1.264654764869119499e-06,9.253564596343067522e-07,7.529431563988731927e-07,9.633487858335068835e-07,1.066090909095156318e-06,1.131637491945319730e-06,1.025910232800352592e-06,7.749307904306303577e-07,1.014596511123912809e-06,9.773980865173651790e-07,8.108764650510675176e-07,1.171971873182890186e-06,1.526365188507390355e-06,1.028666573187194038e-06,1.179103541055036704e-06,1.114321582121965554e-06,1.169772652037646495e-06,8.536586829962223614e-07,9.052364762486754265e-07,1.594209043939359752e-06,1.159130179754036927e-06,1.100954390266522793e-06,1.350898635728184145e-06
1.085226092150496998e-06,1.085752040422636545e-06,1.053227707029752835e-06,1.146373637075947646e-06,1.007334605863013425e-06,1.386194655691762224e-06,1.207914156282529119e-06,1.361741036834018937e-06,1.159768147630461515e-06,8.738270711663017368e-07,1.121017261032581102e-06,1.111124588244100581e-06,1.125095483004002928e-06,8.795968889901162431e-07,7.211228907562080290e-07,1.047869176620193872e-06,9.707662287030498188e-07,8.403216418229108984e-07,9.057493419013671587e-07,8.102712227113951275e-07,8.001457724722373757e-07,8.875464045549097681e-07,8.029783068748752945e-07,8.981249146336893653e-07,6.943462578584786339e-07,5.482698859613039702e-07,8.226350933899318296e-07,5.354648700068017166e-07,7.787350157345807667e-07,1.278932688052191776e-06,1.421729926156542497e-06,2.420575328939767418e-06,3.139477648341358080e-06,4.461383339175467096e-06,6.036019214627741969e-06,7.554043923962093262e-06,9.782498742841705776e-06,1.607363036828896675e-05,2.173405520956374324e-05,2.742209679879755355e-05,4.405845084746518644e-05,6.137877702906842890e-05,6.642812965938748313e-05,1.116653596480778347e-04,1.772570241282027999e-04,3.409365220639909043e-04,7.500267473398003872e-04,2.081842212576815072e-03,5.883847899186223085e-03,9.181564388156175302e-03,6.706915088895346738e-03,2.346919039670408713e-03,9.907736376026049594e-04,4.411495427138172466e-04,2.102352071162396545e-04,1.052945617486498059e-04,5.180015859902270076e-05,4.880689734156301411e-05,3.441186278096395489e-05,2.235173825653088942e-05,2.085438662660646304e-05,1.703131296505985666e-05,1.133326368821818380e-05,9.814696028898043617e-06,7.363943386041285620e-06,6.295518305371171453e-06,5.871950636084279711e-06,4.034205704876923679e-06,3.816070123986698430e-06,3.502079875218744829e-06,2.539285657643882197e-06,2.735117242790176652e-06,2.539583972212896321e-06,2.321810071912118697e-06,1.352277823283993287e-06,1.752111157849754304e-06,1.608543860433811950e-06,1.514282824468421930e-06,1.179419809661758947e-06,9.540638897771174517e-07,1.062004542885021653e-06,9.722013623810755182e-07,1.036373954931756682e-06,9.504929698356368137e-07,7.921435096685480388e-07,1.054820938171260301e-06,1.070659532673340295e-06,1.001060951118176291e-06,9.391183303295175597e-07,1.480955745965990008e-06,1.000440420172851756e-06,1.080754639024554194e-06,1.256270656012665058e-06,1.286563913097057648e-06,8.716015678957719801e-07,1.161026445596614098e-06,1.525580448348766521e-06,1.209258878962194829e-06,1.209509185104633971e-06,1.491521982321128555e-06
1.414768039327187429e-06,9.558073738950272966e-07,1.092669929706277046e-06,9.192200208523418468e-07,1.161132729934560060e-06,1.287411114828258491e-06,1.195606197038153083e-06,1.231518313547287919e-06,7.626470756792512786e-07,8.125522411863142503e-07,1.217338246539128858e-06,1.027116863275816749e-06,1.173014857802315149e-06,8.896733843131045033e-07,5.822265598988705212e-07,6.864977038988557385e-07,1.046138584371325713e-06,8.236149699485642723e-07,9.538437079443891379e-07,9.005213977646291401e-07,8.590543879296316679e-07,9.229319881797353935e-07,7.203336077221755797e-07,8.153249298117390537e-07,6.705099188522119784e-07,6.479671663101039381e-07,7.410751798247930892e-07,6.543410191935212589e-07,6.756324623112788439e-07,1.129867945016264993e-06,1.344231744053219226e-06,1.856378772310490934e-06,2.783432621586225112e-06,4.073267632405597423e-06,5.795608327968155555e-06,7.438211208962239798e-06,9.390966943176832108e-06,1.521223147485174017e-05,2.099865631865464757e-05,3.274633477246095419e-05,4.716926168459708235e-05,6.867159634803396331e-05,1.104652742794999304e-04,1.408491429533298845e-04,2.310979807461745531e-04,3.450084596151233051e-04,1.492859497468171067e-03,3.688267978939168724e-03,1.040650064941336071e-02,2.152761250733054021e-02,1.195782698593373002e-02,4.210241968217238138e-03,1.787933853159462795e-03,4.394284851802014702e-04,2.314230693688580122e-04,1.478083491883654024e-04,9.822091544007295345e-05,6.053272568236199607e-05,4.783918412807203609e-05,3.537075886335269242e-05,2.454674573346873252e-05,2.038379279991905468e-05,1.459162173922481648e-05,1.218192704198416540e-05,8.979300912776370569e-06,6.850426468491276110e-06,6.573691444043691800e-06,4.790941178642652609e-06,4.154610372908290300e-06,3.418082314755225106e-06,2.886016629353147152e-06,2.652593591941425413e-06,2.442045177695696490e-06,2.644028216212335787e-06,1.805439125536923016e-06,1.949735564826563539e-06,1.580727894367409360e-06,1.470412608369718586e-06,1.486601740979147690e-06,1.210537937987830119e-06,1.152213439377688285e-06,9.147127225030713868e-07,7.777227086985878638e-07,6.958541242736943497e-07,7.358880258349280950e-07,9.415922700698459449e-07,9.035661639377876455e-07,1.006312585050077669e-06,1.031069393142352571e-06,1.440839788368448270e-06,1.131106433888550267e-06,1.003223458032046595e-06,1.080267676732323839e-06,1.345547366702345058e-06,1.002617414945239221e-06,1.135548032554242386e-06,1.184778671925585825e-06,1.067374344583040984e-06,1.198171499991979210e-06,1.420284562873103657e-06
1.431969700501882692e-06,9.351291680267190019e-07,1.222006446931552218e-06,1.118556788781948551e-06,1.257038857329413887e-06,1.255271348687830467e-06,1.362015219281256957e-06,1.150487121512547908e-06,8.802526228060680445e-07,8.942088166770065989e-07,1.030326343950827793e-06,9.517507316891442462e-07,1.089468448146874887e-06,8.675018432767415136e-07,7.043011543186735189e-07,6.477627837722016712e-07,1.252898000718284628e-06,9.246145049551958770e-07,7.966862794246065230e-07,1.049086672341918803e-06,8.640693924319458798e-07,6.826355193176569704e-07,6.201623585672387409e-07,6.906815491653222980e-07,7.543961537015542445e-07,7.492315532674978371e-07,6.363183851246939843e-07,5.560475774071693248e-07,9.578098673725389264e-07,1.164213153917907764e-06,1.213394395011750884e-06,1.652601575273069827e-06,2.435343050228542083e-06,3.950655871000145522e-06,5.065029447950327330e-06,6.959295184406764611e-06,8.990013834942457458e-06,1.416246089471292916e-05,1.973907443469301339e-05,3.488521372640838612e-05,5.164290682583011635e-05,6.826405866930610323e-05,1.349390729520085462e-04,1.891399214090395140e-04,2.557986018078067195e-04,7.121830842947056775e-04,2.154882230909004482e-03,5.054056866625911137e-03,1.774279710886657313e-02,1.335027532900507075e-01,2.047831046250214726e-02,5.623135124733039461e-03,2.394162263319968287e-03,8.198869435576465426e-04,2.613600875844326312e-04,2.027828446915935106e-04,1.358863726601644659e-04,7.202094743795234310e-05,6.179359433994152944e-05,4.377352809363388176e-05,2.629976546918001923e-05,2.413362790930008003e-05,1.721211257218947555e-05,1.346479337639340607e-05,1.003607727619275556e-05,7.622076922462547092e-06,6.662227840337621100e-06,5.431316467909674959e-06,4.341842200528808029e-06,3.779178490099046810e-06,3.262947850755038672e-06,2.692095881545413210e-06,2.495727616864103099e-06,2.527970274102789287e-06,2.374220255537569843e-06,2.262824351737283407e-06,1.413541970748437137e-06,1.691012040366528561e-06,1.721958720077432110e-06,1.389119658668978063e-06,1.102331976921430570e-06,1.128776255565905089e-06,9.658448142375483428e-07,8.876886406810421967e-07,7.008003725045908689e-07,8.117593904222813623e-07,9.719722829784715036e-07,1.149660034898251815e-06,1.088052321370913141e-06,1.205414104070088221e-06,1.133816111258195493e-06,9.443381731053005826e-07,8.678654321622162870e-07,1.070556719343747128e-06,1.183421645529737188e-06,1.103983110674028872e-06,1.117351039955924373e-06,1.112643247959932290e-06,1.237058642429695035e-06,1.361002967139822310e-06
1.260119574322609518e-06,1.121593738379504358e-06,1.487307749484048183e-06,1.442884086784402338e-06,1.278584847833137065e-06,1.118462425853401291e-06,1.290172393662018151e-06,1.097988489921990888e-06,8.439499784633731950e-07,9.341212076236585407e-07,9.662387322283171565e-07,8.050810167084078391e-07,9.695323400618033272e-07,8.771543680282604128e-07,1.155882174079486362e-06,8.172162770356096383e-07,1.297696197873697705e-06,7.569041522227683232e-07,6.364553218448139230e-07,1.160664034581001856e-06,8.262075931365757396e-07,5.923896894579845830e-07,7.767523185246890087e-07,6.811770972590302655e-07,6.404748698404464694e-07,8.440203499012299322e-07,5.969152782096344054e-07,5.021430246872331206e-07,9.961548638292867018e-07,8.491288557405432336e-07,1.145255505446287180e-06,1.932222801997540031e-06,2.394094604581569425e-06,3.603423599618436796e-06,3.913683345597766762e-06,6.230433248424587973e-06,9.951664774991348154e-06,1.298756580201359678e-05,1.894898130147258764e-05,3.328251727706114829e-05,5.120070082954386419e-05,7.812484974763702771e-05,1.384160678557439298e-04,2.046396543358623796e-04,4.277717640491843481e-04,9.019732938534889919e-04,2.416237542991475466e-03,9.896771116798980597e-03,8.176125897442974855e-02,7.078932748646444839e-01,8.848365435313572391e-02,1.074196156237381544e-02,2.599971360391666996e-03,1.034168172384107446e-03,4.685575008496488435e-04,2.153566027967947281e-04,1.541042213449801733e-04,9.591880101591887628e-05,6.584212779845180442e-05,4.489849715605640385e-05,2.886273198576429488e-05,2.615458208581865351e-05,1.961296532986324008e-05,1.437993867178369558e-05,1.046511857898933048e-05,8.218970782415568440e-06,6.710294706730168666e-06,5.543945354205046735e-06,4.250214681559299011e-06,4.300700376403040992e-06,3.315330518815055549e-06,2.990774741178497349e-06,2.757080535625823144e-06,2.494137086988917778e-06,2.315122864247254854e-06,2.521792161716861753e-06,1.615952945986793334e-06,2.119697889086322055e-06,1.830733653998055215e-06,1.411627134305195634e-06,1.104819187218480110e-06,1.174217922603526560e-06,8.576821956727775800e-07,1.118190043151608237e-06,8.281993794101488529e-07,9.273179177656592158e-07,1.106818973237859809e-06,1.082120867564630654e-06,1.143089870979187033e-06,1.376957009008307612e-06,1.062613737397544922e-06,8.528751469859429285e-07,8.511151051683574783e-07,1.224138525028537544e-06,1.503478423560814013e-06,8.948622214821749517e-07,1.240808822411360141e-06,1.439898093909685367e-06,1.377725482024568043e-06,1.507166732333768217e-06
9.969909806059119335e-07,1.218107785871641377e-06,1.484867236758304036e-06,1.024793281380025988e-06,1.365605271709144515e-06,1.041186358107187723e-06,1.109102060834223010e-06,1.419716944945408825e-06,8.663280467791359063e-07,9.932358942783723490e-07,1.196009313476132542e-06,7.161897353135508987e-07,9.450423686477406112e-07,1.054618455528447508e-06,1.380874027655566761e-06,1.082736516159620110e-06,1.236732913737043617e-06,8.319099234439186664e-07,7.348496150407989554e-07,9.895621620156794096e-07,7.854062818646858010e-07,9.129354072313764556e-07,9.763091336240081832e-07,7.258298798121146158e-07,8.038599702100194867e-07,1.038266282193977485e-06,7.179536245588629787e-07,6.102772132630383900e-07,6.538755903051876317e-07,6.270210733176237898e-07,1.119884581301051114e-06,2.043724468817166824e-06,2.749647293031924072e-06,3.017231883931589521e-06,3.454668803069215459e-06,6.142689565858066206e-06,1.058697683931806254e-05,1.331132247175887357e-05,1.792558352289772458e-05,3.025403231128448569e-05,5.114820203832229616e-05,8.368433070146909160e-05,1.482447447588911265e-04,1.991572570230216717e-04,5.219054384051506406e-04,1.173640827160777255e-03,2.156982878589035722e-03,2.547752474422350366e-02,2.570768548986077651e-01,3.335530691347485810e+00,2.670205637609923688e-01,2.679205554441913689e-02,2.373080424019908229e-03,1.325745419362716129e-03,5.887334601391915360e-04,2.085756587262298006e-04,1.744946352198535784e-04,1.109744169714521562e-04,6.796914006286030273e-05,4.377749794363504642e-05,3.025353490061713643e-05,2.783526746224256656e-05,2.058971697563621221e-05,1.434280158805230044e-05,1.121789149358750814e-05,7.834256440339573032e-06,6.923952838933018150e-06,5.997568460390191990e-06,4.224021289141179387e-06,4.222266653269549022e-06,3.045513092843625285e-06,3.137640101438312365e-06,3.608682186515622234e-06,2.419289322018834078e-06,2.003740379894379991e-06,2.347602543246771394e-06,2.070002601327745945e-06,2.056852944862129758e-06,1.657803849397250321e-06,1.457417840829233963e-06,1.348715518635835092e-06,1.061240547903520851e-06,8.764217425436033803e-07,1.190971921007360938e-06,7.751975736365399564e-07,1.041304614262986044e-06,1.194137987734095690e-06,1.055062563464083110e-06,1.039637479823509437e-06,1.411461644294746444e-06,1.001794126306346152e-06,1.033042965319438783e-06,1.105668957635236384e-06,1.500452298118355322e-06,1.359314267655436670e-06,8.548226159171174431e-07,1.305174304421281553e-06,1.341823880438925512e-06,1.313182002470399661e-06,1.425443194330533779e-06
9.376773351019353168e-07,8.293819240803239462e-07,1.434107567771557213e-06,7.771711382066994011e-07,1.126451455576592178e-06,1.192362444076578703e-06,9.034255114703575071e-07,1.524365161821167003e-06,6.665263896262868476e-07,9.540254219145464361e-07,1.060127725387616157e-06,7.438477675131174517e-07,9.705859086380372988e-07,1.122577300257817649e-06,1.120173490382737831e-06,1.003960771603898640e-06,1.126877487967481806e-06,9.607048904175581497e-07,7.063601221446046170e-07,8.275160181452470879e-07,8.876774197146355827e-07,1.349005187762429171e-06,9.892673665715032850e-07,8.160602866739778113e-07,1.078174975330717522e-06,9.290933958596684524e-07,9.141806103016780238e-07,6.934820671170247688e-07,5.507632454834158464e-07,6.738199563447613425e-07,1.133497071391697358e-06,1.802789019367064904e-06,2.895954604341495692e-06,2.557752383340795718e-06,4.060368849470664963e-06,6.253145911415833564e-06,1.035583414259712900e-05,1.503287296738265939e-05,1.684808264877286107e-05,2.842319350851054465e-05,5.294309439170935810e-05,8.269587734182690781e-05,1.577281593903516845e-04,1.969694338256667871e-04,5.230273798553017458e-04,1.316479724616303332e-03,2.523008082768120244e-03,3.257515367463818812e-02,5.207498806647056222e-01,6.512649567543750351e+00,5.299603989332052345e-01,3.398639312541897745e-02,2.781556402033842114e-03,1.467927684209878588e-03,5.999689971222134507e-04,2.072040257213638987e-04,1.891514066762845859e-04,1.118377953169621291e-04,7.007875877381243340e-05,4.518582951681339492e-05,3.015587741767334642e-05,2.895527230866161184e-05,2.057398135840446946e-05,1.362570166429201285e-05,1.171431181290093546e-05,7.715351935051024089e-06,7.315000691278709754e-06,6.404162700901813355e-06,4.131462831278641352e-06,3.784884284685451801e-06,3.442690850783195183e-06,3.086694861017030780e-06,3.843824135684995898e-06,2.459527600570493291e-06,2.070326997752058845e-06,2.255084775108030745e-06,2.255560366469441819e-06,1.972278758274489044e-06,1.896470448337321261e-06,1.541229654834365099e-06,1.319782470586647598e-06,1.000645417101114242e-06,1.128886185435343671e-06,1.327191011294403324e-06,8.734202291403597969e-07,1.098080545623874244e-06,1.209458858175075429e-06,9.489451681150988392e-07,1.014181633325585212e-06,1.171028167360097521e-06,8.432570612486193385e-07,1.010969293660236807e-06,1.348136634796651606e-06,1.205509048729809663e-06,1.057834182780168768e-06,1.096864486512766175e-06,1.497153692666598394e-06,9.280221492722715754e-07,1.184076824121626539e-06,1.013533190204884592e-06
9.396677950956826861e-07,9.003412732125984798e-07,1.767400659438750750e-06,8.471445848158303243e-07,9.822950525362300353e-07,1.147463465451618435e-06,1.317052050091331092e-06,1.079271273041593832e-06,7.987282699579554324e-07,1.139584552162787595e-06,8.964869587530076636e-07,1.071282159394874046e-06,8.571640150152412328e-07,1.226261111911515531e-06,9.588436997785662680e-07,7.048013546496325008e-07,1.042499758146051291e-06,8.573950976323207262e-07,6.726329869820256873e-07,9.103049500811682572e-07,1.121028748915000815e-06,1.121222389512627689e-06,8.123046995163519598e-07,9.137524746598575265e-07,1.065823992278808332e-06,8.403622869620001168e-07,8.388338285750595788e-07,5.743756920136804047e-07,5.639810607310844389e-07,5.345448004716666064e-07,1.164153634764051835e-06,1.693418203909420972e-06,2.428203544760630124e-06,2.714681067340623354e-06,4.235949141966072235e-06,6.637227044156198818e-06,1.058994825533681276e-05,1.453621491972791159e-05,1.735014061059678622e-05,2.993564503145904583e-05,5.072488616549417257e-05,8.428099222981170026e-05,1.496286155385354640e-04,1.977882025349916102e-04,5.187933690165324237e-04,1.177527494741312415e-03,2.158571829501318949e-03,2.550263442902503744e-02,2.571210156349329479e-01,3.335532135105325757e+00,2.669763835579553324e-01,2.676631524238902785e-02,2.370701373924599415e-03,1.321992239705216746e-03,5.922840894466062595e-04,2.094733576817614930e-04,1.741258264383568129e-04,1.106554207614254473e-04,6.877052756165063596e-05,4.495669518457084653e-05,3.116207420716516328e-05,2.737092838459695537e-05,1.983432661441997182e-05,1.320668217663058198e-05,1.142226069491024938e-05,8.066349480687169121e-06,7.223437812147128457e-06,5.875785406942144933e-06,4.038202698378509360e-06,3.779450756709352050e-06,3.398909486086605812e-06,2.961420783950992940e-06,2.931267734675280343e-06,2.603121271109097722e-06,2.340646191089019389e-06,2.351959133491080034e-06,2.212860300913425514e-06,1.871382352037006156e-06,2.231546892943600205e-06,1.396112985399111603e-06,9.837537596335790382e-07,7.842010811035195475e-07,1.194857526024788703e-06,9.427575503384001040e-07,8.290353474725578018e-07,1.264242412312833419e-06,9.906619963527698392e-07,1.033171974238352206e-06,1.271177707557649989e-06,1.349974431900851400e-06,1.185396776879748395e-06,1.342852929312228118e-06,1.647232388129895514e-06,9.568256561426032813e-07,9.261354293208764048e-07,1.204470586245600902e-06,1.375711876463230994e-06,1.103522461868238157e-06,1.343975315997740749e-06,8.531496870820681380e-07
8.233705294241203620e-07,1.113265314991239629e-06,1.499598370274214659e-06,9.643394676085181475e-07,1.106085535073829962e-06,1.255051076970140971e-06,1.521491536426888473e-06,1.103389393276817836e-06,8.248798625250430480e-07,1.138569569241453129e-06,9.451128751665481416e-07,1.263612470795327922e-06,7.311589936325279849e-07,1.102988978947929716e-06,9.346424792501169208e-07,7.713507208840412987e-07,8.739272768203840827e-07,6.478438160842320086e-07,6.847123518407534683e-07,9.721550815699972576e-07,1.055421514048730437e-06,8.412091296065236232e-07,6.697956652574371092e-07,9.250578094692673629e-07,9.219481993095012318e-07,6.990809229732999831e-07,7.293000771539483577e-07,6.642841046320702536e-07,5.507074483937396588e-07,5.597453772162065146e-07,1.184878522819794583e-06,1.826095155590685494e-06,2.293479398866046038e-06,3.065473401053615163e-06,4.645663521517005582e-06,7.105971362995088702e-06,1.089822074846525613e-05,1.401296399802807446e-05,1.790293869412633762e-05,3.445969658177907121e-05,5.087214344732859722e-05,7.740865605146113706e-05,1.414551174771864193e-04,2.053860479492018211e-04,4.229219575061413626e-04,9.032275873544350986e-04,2.419255363560042678e-03,9.902417170060190052e-03,8.177167575054317128e-02,7.078859652554162496e-01,8.847388125188475339e-02,1.073563532001059126e-02,2.595905787664586246e-03,1.032724691391617407e-03,4.749574302348805177e-04,2.146988513768626015e-04,1.512289727093769085e-04,9.713521653650175299e-05,6.758799934060404503e-05,4.442710697929246294e-05,3.019317022016081259e-05,2.555081855743885591e-05,1.901814003425759652e-05,1.290218629227317547e-05,1.151240725576696953e-05,8.168863584203708755e-06,6.744817392176151279e-06,5.376292040878289750e-06,4.165454227884359414e-06,4.062733738427022626e-06,2.642810316265111645e-06,2.786468036677071563e-06,2.372594733134257060e-06,2.511117856320066600e-06,2.615646828096479628e-06,2.369733996910716294e-06,2.069670355931781129e-06,1.881124532429430591e-06,2.034858394765054818e-06,1.502456072437898366e-06,1.211566972684342922e-06,4.951606170424181491e-07,1.066714803720425351e-06,7.976208877382849874e-07,6.822801272479044444e-07,1.451150868534953021e-06,1.405898709093993802e-06,1.201593983288288032e-06,1.458949423428590779e-06,1.337545208228393743e-06,1.542804997893674703e-06,1.424235162262128666e-06,1.603622761257483265e-06,1.081908750943641022e-06,1.032609382055505025e-06,1.106334119771430909e-06,1.250004661697263510e-06,1.133493147488494543e-06,1.334530388855504975e-06,9.144768043810907313e-07
1.014024233010810549e-06,1.238104026040407755e-06,1.189912339391281794e-06,8.332853579398448468e-07,9.267176521966516510e-07,1.483108820859329594e-06,1.391600789146654593e-06,1.119972243826138629e-06,9.468720146896324224e-07,1.209696180138842411e-06,8.976415853596900681e-07,1.308222121850080058e-06,9.663459692299518259e-07,1.124678808416665883e-06,1.040374934808215911e-06,8.124760112273241240e-07,8.874030800875912745e-07,5.319294131773904183e-07,6.009864481142824425e-07,8.828297850728802888e-07,7.135042280162507648e-07,5.935650270388757420e-07,5.845218280501123314e-07,9.107620241664493003e-07,9.429047403484406032e-07,5.595140442408884583e-07,5.244201262828423673e-07,6.317182347447652541e-07,6.480735810280126226e-07,7.796865759344982368e-07,1.211296535146029093e-06,1.899931288832072658e-06,2.700082136622638872e-06,3.206093093143929037e-06,5.769465809774670443e-06,7.519715323810599493e-06,1.017921659980519170e-05,1.447351517210239779e-05,1.952838536246400902e-05,3.617425832959450126e-05,5.203167059410422325e-05,6.813294962255060205e-05,1.365522711449563577e-04,1.928988976525802194e-04,2.529460567832469823e-04,7.118351622150318435e-04,2.157949277109719437e-03,5.049311157321881120e-03,1.770981438266394994e-02,1.334800749521254104e-01,2.051381417742049670e-02,5.627623446680515493e-03,2.391026794521718471e-03,8.191262746168712257e-04,2.654349097981963004e-04,1.995907140463232406e-04,1.339723710058262100e-04,7.262927042504621915e-05,6.229679964765018048e-05,4.328441684239060251e-05,2.728558491131820584e-05,2.358360753829712376e-05,1.762258387216233767e-05,1.299411733404188431e-05,1.107461585814339204e-05,7.834080225419110034e-06,6.250305781809741274e-06,5.183841433169802239e-06,4.155350401110015208e-06,3.736309272166929319e-06,2.420483301878848606e-06,2.342697134824700513e-06,2.365983190396583889e-06,2.131835183371138821e-06,2.686901737364447261e-06,2.225358370222281648e-06,2.068384785608393845e-06,1.772040871134339069e-06,1.573064610350708247e-06,1.446304340943199663e-06,1.367105778867826972e-06,7.406570622559879144e-07,1.126940925840129495e-06,9.653726307810733594e-07,7.725037975455522408e-07,1.033709329817929965e-06,1.642875797145425556e-06,1.184683350812000532e-06,1.171414132966367752e-06,1.236270277942037424e-06,1.442741484207738745e-06,1.271874013641559184e-06,1.558622415716668530e-06,1.233134966072412099e-06,1.184072864379583893e-06,8.697862808646763396e-07,1.227449450861632949e-06,1.043501487126670430e-06,1.049303324163657400e-06,9.857312463408693446e-07
1.049726028794139612e-06,1.109358247908500615e-06,9.558178289351882199e-07,9.705089063536787941e-07,1.184437497163051946e-06,1.571669085308788091e-06,1.520942729927720683e-06,1.308859294653402078e-06,1.004909893993431262e-06,1.045856962205290254e-06,8.078956284210469995e-07,1.272775220865481977e-06,1.169489598896389924e-06,1.141267787311811166e-06,8.434421109714743874e-07,7.705194342663155811e-07,9.893826713990996210e-07,6.529265504099118435e-07,5.723823965437508982e-07,6.970310319566425805e-07,7.782289520945766396e-07,6.197985096193921767e-07,6.158329668250183908e-07,1.018539146279162776e-06,9.399063177060388448e-07,5.240616590452706602e-07,5.907528929296781914e-07,6.548153320402956775e-07,6.324632285674448382e-07,1.137149033596535633e-06,1.406053190787328981e-06,1.808796234609294987e-06,2.938063991370483116e-06,3.443095188643303340e-06,6.532666250380964410e-06,7.866731993914530366e-06,9.879634033364225363e-06,1.496400852748506815e-05,2.178156703745872226e-05,3.317365640579274645e-05,4.681524971865281805e-05,6.999638857791389002e-05,1.109696491994450980e-04,1.422442878855463230e-04,2.316423431754876497e-04,3.444708955583759250e-04,1.492830472591694839e-03,3.677731907631855580e-03,1.037705429840641604e-02,2.150119866373722405e-02,1.198685176491647887e-02,4.222653725014871746e-03,1.788382289925586613e-03,4.394654623195318275e-04,2.313476062370578069e-04,1.468867637056283488e-04,9.851506100049614589e-05,5.930770109189592999e-05,4.842325074687636066e-05,3.617335006491455681e-05,2.511234534441527850e-05,2.076816830022625886e-05,1.513639426778947123e-05,1.239047677008435814e-05,9.937543364142791444e-06,7.167637830619879888e-06,5.532402482055911869e-06,4.725607799926070582e-06,3.931679682768137516e-06,3.516430334908796092e-06,2.636999548028184985e-06,2.190754594446120913e-06,2.356090861263595353e-06,1.952140135014509591e-06,2.465852023900995406e-06,2.130622118942989032e-06,1.918049698457918044e-06,1.358224226352200084e-06,1.451946145662196614e-06,1.541279707726476380e-06,1.253156977561355441e-06,1.108359958250003746e-06,9.217370988039815466e-07,8.140780099532586330e-07,1.059170909137572540e-06,9.856655540879736128e-07,1.403280614619549286e-06,1.114205940002750963e-06,1.032331798057469694e-06,9.552978573153858817e-07,1.168957951134912217e-06,1.294724064892070444e-06,1.601967470655375039e-06,1.224532954352131914e-06,1.298253308474984899e-06,9.830536997055248994e-07,1.244929492905221333e-06,1.393029619452103857e-06,1.134292006973592056e-06,1.164319044977149555e-06
1.168001604220291219e-06,9.626210199151390719e-07,1.068636254547153250e-06,1.094935935001902337e-06,1.365069811773267107e-06,1.344612845929759814e-06,1.498007888439577615e-06,1.468570883474165604e-06,8.797553331550661055e-07,8.550003497391123356e-07,1.118029055862740511e-06,1.252295005672320381e-06,1.377893985806837067e-06,8.654351548806653926e-07,7.208904343699598290e-07,8.924821900001341605e-07,1.101942198761109672e-06,8.436565706206482221e-07,6.236073694697898789e-07,5.366400027991334727e-07,7.229205307759304947e-07,7.041342874714866289e-07,6.200116867909189527e-07,8.065794585581831246e-07,7.649819081333347362e-07,5.894307431288555752e-07,8.426701411868578998e-07,6.017605818274044937e-07,4.963406305927554748e-07,1.288118663300707963e-06,1.791587780573314103e-06,2.056978273939628705e-06,2.888153777131116121e-06,4.088457904123165880e-06,6.345184587291192915e-06,7.717078759093829981e-06,1.023287872340046522e-05,1.587082825061930256e-05,2.190149925249141856e-05,2.712608826539015554e-05,4.338706251690630070e-05,6.111469608885013280e-05,6.777185253862037318e-05,1.104576957689446453e-04,1.742277124643858523e-04,3.399123581694140977e-04,7.464397968116687297e-04,2.076555879910843300e-03,5.863270899363101640e-03,9.126032905704540080e-03,6.729355915291996941e-03,2.353734433861158059e-03,9.959083507308629651e-04,4.427354076452923951e-04,2.132885890711258981e-04,1.073226169802598239e-04,5.133918065554050561e-05,4.899648641437873565e-05,3.514173998123007388e-05,2.276339819256313952e-05,2.292510205662273010e-05,1.728200686590936240e-05,1.140056980482621447e-05,1.005672437528123083e-05,8.678087195063337951e-06,6.097012722241106672e-06,4.537526054770631456e-06,4.483728500092968212e-06,3.746831666144421820e-06,3.530185675571665834e-06,2.750222756554762440e-06,2.432072800650876195e-06,2.116282654571880582e-06,2.185342797013009355e-06,2.434627372533644871e-06,1.869857093503265240e-06,1.639180985894707208e-06,1.158628051697084839e-06,1.435700665667696857e-06,1.478437070592183294e-06,1.011758545366363631e-06,1.045537462979207074e-06,8.334366628947778042e-07,9.329059241913140294e-07,1.099103842823216871e-06,1.017416391996192960e-06,1.214746868526956100e-06,1.072031055439457806e-06,8.892373959043235168e-07,8.368968027366023265e-07,1.101979758949453465e-06,1.223171378405329336e-06,1.323129502582433364e-06,1.085626380341519249e-06,1.211209404545499978e-06,1.064238849839684843e-06,1.109466134486688296e-06,1.470612164507471017e-06,1.223903005362879545e-06,1.534442479568026767e-06
1.376322911639058675e-06,1.273007427753489248e-06,1.709373425787371913e-06,1.101831281901586794e-06,1.370067860872937655e-06,1.111865351499388907e-06,1.313083162630872983e-06,1.415715172458002186e-06,1.069328299962051476e-06,9.433036223758135296e-07,1.232476436226001014e-06,9.938578888206129792e-07,1.320059620073412479e-06,8.569582750111339914e-07,7.278216097029678648e-07,1.106676261150750156e-06,1.170067305712098388e-06,9.209596812489800577e-07,6.706176591062094453e-07,6.556931991865428346e-07,8.424925599021885438e-07,5.172965328666062106e-07,6.721298964936921117e-07,7.670121420933902778e-07,9.056797741054883930e-07,6.779838491521623481e-07,8.361627440713011083e-07,8.034954520639982439e-07,6.615979577593457099e-07,1.340962410046394290e-06,2.076839341511305985e-06,2.606381956812225317e-06,3.151914817972595962e-06,4.931185076531087936e-06,5.769444371014488815e-06,8.039650244967014113e-06,1.118305334746273832e-05,1.492571149168260559e-05,2.026288611928010166e-05,2.555185418397930606e-05,3.466429894322576346e-05,4.174402402767929296e-05,5.224599536296668307e-05,5.437328304225799616e-05,1.190528799091675801e-04,3.350738731449202121e-04,6.643655918168991838e-04,1.074113381495514019e-03,2.264934933561409298e-03,3.133169993840556177e-03,2.612146637098257916e-03,1.253181566065155817e-03,8.395907629020418631e-04,4.631354746030036970e-04,1.903465963242369349e-04,5.966392792897113034e-05,4.426440000055469401e-05,3.340522086653569585e-05,2.093775472617318603e-05,1.602061958933654503e-05,1.639946149287803428e-05,1.164642935808971432e-05,8.718908800564147891e-06,7.310444508429187797e-06,6.725458469276500602e-06,5.322740084230230347e-06,4.301213624169684287e-06,4.558232079347942333e-06,3.106090520678436250e-06,3.187618923395789607e-06,2.681602633122708816e-06,2.365277285832824088e-06,2.048630041082349587e-06,2.236897997453517070e-06,2.144007470646081077e-06,1.510425277932875157e-06,1.647232112762142563e-06,1.136126793666216516e-06,1.471490104878744918e-06,1.370246828422204908e-06,8.233681733302169429e-07,7.505951454338398221e-07,6.358994233943043665e-07,9.445720734322359857e-07,9.109029740581110385e-07,1.060275857367481878e-06,1.083284503803034111e-06,1.350394206352900152e-06,1.072912490172912164e-06,8.956108609733095258e-07,1.176701804755299783e-06,1.588394344665732883e-06,1.064627977429826967e-06,9.966045870375992964e-07,1.173979977716225865e-06,1.142690651162028247e-06,1.241131613449651118e-06,1.895806163191826425e-06,1.216373179945103398e-06,1.293725013724640280e-06
1.587219133710537690e-06,1.534159479670482413e-06,1.531741262362684104e-06,9.746150076359593989e-07,1.142163223190623014e-06,1.066030629340853340e-06,1.027138986408818386e-06,1.130663471176160809e-06,1.129257839023127372e-06,1.206717250374548995e-06,1.231989926635206636e-06,9.124018317088201614e-07,1.083898299971447669e-06,8.595541715856560302e-07,9.626258320797744161e-07,1.056348989759581763e-06,1.017921220265891613e-06,1.035066969331769868e-06,7.504579386793481069e-07,8.922126514592872587e-07,1.158484049059964273e-06,5.859070840359575483e-07,6.971519017707589865e-07,7.837087102854220985e-07,1.037354523247339871e-06,8.748917811813836582e-07,7.904580166486336393e-07,9.848283755204041186e-07,9.287557751009258678e-07,1.601372738508398523e-06,2.404316974221448671e-06,2.915421906483625871e-06,4.217895458151470804e-06,4.944285804267910589e-06,5.886428867527820834e-06,9.004737964378408175e-06,1.111552054358472570e-05,1.344095688121263948e-05,1.920170256697548093e-05,2.212736836651486974e-05,2.347518890536824082e-05,3.121232015652875523e-05,3.556287203989849904e-05,4.491192115438038439e-05,7.999521851350202030e-05,2.626514766308374218e-04,5.347295271773547850e-04,8.643804868856473471e-04,1.983746310944592330e-03,4.845803182061856999e-03,2.967645619794173108e-03,1.347228038292073299e-03,5.981013238258015398e-04,4.122442427646668545e-04,1.603443795028414057e-04,8.295140427846146912e-05,4.392069612565961814e-05,2.215156402187376324e-05,1.221531958162933738e-05,1.118140379864809690e-05,1.010505464586150084e-05,6.622854772410108353e-06,6.776149173645325374e-06,5.831348693422564301e-06,4.870483516561972608e-06,4.664474976458034597e-06,4.436742048807349745e-06,3.253148502413932510e-06,2.851429675294051825e-06,2.685385119517625715e-06,2.370239382992348340e-06,2.155490928660597678e-06,2.083294074141889371e-06,1.640447256076089712e-06,1.627261915108714441e-06,1.525616696725115105e-06,1.323723585849815059e-06,1.098219417795212688e-06,1.129006259006678277e-06,9.528893723104229669e-07,7.915601211515705547e-07,7.901341994819608275e-07,7.312152252360872951e-07,8.889872747743175837e-07,6.327337524709063062e-07,7.409256761961843079e-07,8.730203266122049042e-07,1.022296247078634708e-06,9.643766620402663301e-07,1.121951015941345924e-06,1.148370380548925850e-06,1.330014358061532036e-06,1.211872434144338596e-06,1.000869582724727750e-06,1.128327361288653901e-06,1.273675493415159134e-06,1.347969194927604105e-06,1.723504206810280934e-06,1.508508851149820290e-06,1.369167058304083868e-06
1.424715817968742882e-06,1.137451145722410931e-06,8.447145035621765357e-07,9.688184965921436996e-07,1.194491643586685964e-06,1.186051260158005924e-06,1.143012441532871845e-06,9.536393163236346283e-07,9.393028785253577970e-07,1.123653481029149217e-06,1.138155772499945353e-06,8.863608474891771501e-07,8.786704107112878417e-07,9.091146134703228498e-07,1.013908324766685797e-06,1.013170147860832930e-06,9.660363332172401537e-07,1.070606201827639188e-06,7.327286051916753960e-07,8.823422266707865401e-07,1.190252367527694079e-06,7.924689270523096582e-07,8.389276420402514604e-07,7.993032145277350131e-07,1.010479964780026985e-06,9.594381918528268871e-07,7.973562248693279150e-07,9.626252632154504072e-07,1.279835491422107970e-06,1.829329717378796855e-06,2.716836309825571116e-06,3.352906388514770719e-06,4.820806997262367124e-06,5.100333242804578166e-06,6.479819177372714604e-06,8.187947502232384057e-06,9.979805502331424923e-06,1.241198714987158228e-05,1.483012640068503424e-05,1.675844962270675004e-05,1.943091452025561412e-05,1.557583503831924869e-05,2.160099073611925611e-05,4.025093197572880487e-05,1.069093696627400775e-04,2.088950299806289395e-04,3.156320011749417522e-04,5.237775720330144994e-04,1.325781595679988677e-03,2.636293427527178646e-03,2.066769932522583876e-03,1.005874963490471135e-03,3.072946096014965087e-04,2.865377612845116241e-04,2.001224384131392129e-04,9.656496467723824334e-05,3.945800111322499137e-05,1.765232626179955572e-05,1.426267217286127591e-05,8.650417090294444916e-06,5.970740687953693201e-06,4.720926313937128488e-06,4.747093211111677781e-06,4.230056085841009908e-06,3.537821115326122374e-06,3.019504872471310675e-06,3.210815825763962253e-06,2.195954143340137105e-06,2.833287305710291812e-06,1.941488099879223683e-06,1.850833983016804346e-06,1.803345442165337067e-06,1.408100118830593435e-06,1.227255057338472892e-06,1.364065143731781060e-06,1.278564279859760087e-06,9.023353714602913707e-07,1.108100435087538968e-06,9.549133604466808442e-07,8.779526148071352101e-07,8.929626661227866964e-07,9.985697405314885946e-07,8.964387852431186642e-07,7.910062248822252086e-07,6.942147555485474413e-07,6.096026904523302810e-07,7.995003107230843846e-07,1.013316937979447944e-06,8.802853340176274088e-07,1.004529092104579079e-06,1.050107648632588679e-06,9.557779333393282997e-07,1.132039817489310647e-06,1.071473895947219891e-06,1.315029229713952583e-06,1.577762409818168465e-06,1.701526030185849949e-06,1.396471730064046953e-06,1.219076350845758245e-06,1.158729511194803628e-06
1.089400840028210198e-06,9.647493068784411177e-07,7.672711452713031561e-07,1.097208151683033901e-06,1.363644052193067483e-06,1.141296885099934865e-06,1.375751035883944489e-06,1.122817766507725036e-06,9.847757559130313337e-07,8.420219018001077247e-07,1.118193293353093800e-06,8.238535870004383898e-07,9.364945889246534685e-07,1.030741461652282162e-06,1.354293701316529877e-06,7.649146562125273297e-07,1.210309641179030800e-06,1.035363189416005252e-06,7.549953856704591477e-07,7.681950695171827697e-07,1.167794447236542144e-06,1.104416795828327925e-06,1.011774367299782403e-06,8.807412764514916495e-07,8.196413228543373662e-07,7.220850102854552716e-07,9.529426214560376024e-07,1.007035050988279225e-06,1.606090550375289370e-06,1.920282022313868340e-06,2.857134930830819895e-06,3.257667847051312514e-06,4.373224870770833563e-06,5.493148177301624762e-06,5.944503639465793342e-06,6.914629146574087906e-06,8.777079519248606848e-06,1.036442969541406959e-05,1.087802616445903374e-05,1.172328768791182755e-05,1.197502746188037820e-05,1.203048602878181647e-05,1.318853859890329675e-05,3.213228245768606875e-05,1.075978645099041409e-04,1.863389241392397462e-04,2.534089296590835445e-04,3.450712051138216693e-04,6.715050343694704610e-04,1.298682261138848397e-03,1.036936148269037693e-03,6.678458662595091388e-04,2.710619157608668895e-04,2.132100726748849631e-04,1.917936495583001308e-04,9.021712859147628728e-05,3.941986913099151111e-05,2.387279305962884644e-05,1.508177764467985826e-05,6.700688017045334165e-06,4.237601344650025464e-06,4.629013262279955504e-06,3.452505117264121614e-06,1.861459642515051955e-06,2.343207765693463302e-06,1.515422017973606839e-06,1.710622859363164737e-06,1.723209840747785659e-06,1.880945371369892944e-06,1.086495960026226950e-06,1.209203308376258743e-06,1.421189938385834912e-06,9.834640317509608336e-07,1.148388508059072411e-06,8.614481944963342430e-07,9.048373831838436085e-07,8.320128176115357104e-07,6.814346686346856258e-07,8.234493093512397476e-07,8.016012616696888116e-07,7.425101029608931234e-07,8.683941883912801011e-07,8.715084749892036918e-07,9.394055264283897609e-07,7.165563805507858239e-07,8.192152712856849936e-07,9.430950345985726732e-07,1.112435508140922339e-06,1.008362273669300869e-06,1.172938384374537780e-06,8.658733443014928189e-07,7.271124631352345192e-07,9.048401511100578097e-07,1.126642288543444716e-06,1.405178776649392626e-06,1.513005280396009129e-06,1.759691210119048732e-06,1.141445152749687564e-06,1.128506147013555317e-06,1.033231053761339050e-06
1.138347421632956104e-06,1.151611378224771094e-06,8.615071854039614962e-07,1.153479146183518372e-06,1.585973192229821524e-06,1.305529704727918942e-06,1.295245761168882683e-06,1.457960859568791154e-06,1.064934605251282511e-06,6.934904176305734413e-07,1.078981617387852026e-06,7.884423555966053842e-07,1.077222549117966691e-06,9.805977933475506619e-07,1.335485280756019820e-06,8.157142129890775891e-07,1.314010666904962780e-06,9.147169065104495040e-07,7.428386537529484820e-07,6.937258345877553491e-07,1.138009774350764640e-06,1.098568882722339047e-06,9.109930122847447373e-07,7.726240160991035982e-07,8.593648032536377620e-07,5.935501474110502877e-07,1.027026136583426783e-06,1.221476664417524693e-06,1.915020359896562918e-06,2.235090484843364230e-06,2.830557768461425604e-06,2.955165788358180672e-06,4.086153429914125887e-06,4.836958012259300678e-06,4.806652190039783941e-06,5.930372566264402832e-06,7.185719704921188125e-06,8.729822897313183010e-06,9.111852612450022253e-06,7.370220301116434866e-06,7.834987833238436138e-06,9.395996678192252268e-06,1.614463556109549546e-05,4.217234451044152537e-05,7.797948456603544275e-05,1.303583695907867821e-04,1.909023482081060219e-04,2.980901522788284770e-04,4.830599484864160197e-04,9.313997107610748512e-04,7.412470542306326795e-04,4.821019847369519993e-04,2.826477338674539133e-04,1.322539344017128061e-04,1.290277357438380699e-04,9.206284899741372678e-05,5.018284981318846250e-05,2.786456127457303210e-05,1.257748227743845077e-05,8.444887861567275898e-06,5.801940739523858497e-06,4.568101913495667581e-06,2.023426319600444129e-06,1.531701877810443470e-06,1.411977899310151884e-06,1.042721523887309392e-06,1.034915363345567174e-06,1.010754628652313706e-06,9.573180326905189471e-07,7.462909780457851435e-07,9.404655194555200264e-07,8.102570966223989674e-07,9.964500313161893646e-07,8.492209705992403424e-07,8.828303511487972463e-07,7.995725684108913983e-07,7.950053528646781760e-07,6.408562011972086651e-07,8.452794784880889402e-07,8.318381964281812794e-07,7.725035329143185080e-07,9.524651051979686824e-07,9.646893219273316341e-07,1.080568518124928272e-06,8.277150893089907659e-07,8.915024819632089777e-07,1.046755835702396424e-06,1.081745640911343204e-06,1.153194127137338776e-06,1.210759864986436154e-06,8.540571157852517167e-07,8.671678759222730540e-07,8.903852731738479269e-07,9.901432143936576189e-07,1.250955517156667072e-06,1.194534408994984026e-06,1.135065618738677050e-06,1.038767210923925507e-06,1.093176560182827047e-06,1.136441613902634630e-06
1.337510356284161751e-06,1.293458934415433332e-06,1.265676625397001617e-06,1.255686499890054964e-06,1.871061825668663773e-06,1.234134078518984204e-06,1.128056812124634632e-06,1.614242085033099745e-06,9.102655604812371087e-07,9.015905471682354483e-07,9.225225348946415576e-07,7.299456800035246043e-07,1.085647967351021327e-06,9.472016495641181834e-07,1.111269279981214510e-06,8.611968614221648779e-07,1.050981825594620948e-06,8.898206996143850293e-07,7.260914577849230421e-07,6.582726288483163427e-07,1.061550410137532135e-06,8.769721272306114270e-07,8.586470898977284559e-07,6.830454045486669904e-07,7.557064303627631965e-07,9.118366921279962162e-07,1.112000428396774977e-06,1.702935436932499884e-06,2.153432412107801296e-06,2.572453849495102744e-06,2.833725352321358508e-06,3.271064193806360893e-06,4.036597483037541244e-06,3.895920253618615193e-06,4.603089831477913018e-06,4.870071223170324431e-06,6.609682744256623545e-06,6.129191595988157758e-06,6.109806182732426123e-06,6.087072734920047302e-06,4.727498453565136412e-06,5.693193581228046979e-06,1.984395014458092957e-05,4.638947289125965149e-05,7.379043002321818904e-05,9.036182668935425794e-05,1.201214710301096622e-04,2.032212707151050753e-04,3.014924650540199715e-04,5.081758097618797616e-04,3.568661829485000533e-04,3.094733371610952090e-04,2.435888397107426300e-04,9.585433531013522895e-05,9.584952073980262065e-05,9.436394973295210398e-05,6.056673011856014970e-05,2.834255215081179445e-05,1.568520460197851050e-05,1.007814887149462071e-05,6.379127891170302856e-06,3.095145315201915261e-06,2.682614604589941490e-06,2.350978727352349229e-06,1.378047401578374296e-06,1.032615040652880289e-06,9.226946478870092310e-07,5.022823250981266346e-07,5.965563233560253041e-07,7.399573623806670118e-07,7.044752642870997445e-07,7.822862583131991448e-07,1.171492829564529098e-06,5.622819585630020330e-07,8.375203888970471484e-07,8.176581593053778996e-07,5.815113833894520490e-07,8.275323953641368220e-07,7.469305938494035932e-07,1.166250143132792366e-06,8.561253624644346644e-07,1.141306814667044723e-06,9.331998436960812781e-07,1.377445732686847389e-06,1.027629347532955630e-06,9.083661171225394857e-07,9.699652175379277120e-07,1.262067179816355540e-06,1.098624709674832111e-06,1.064691127305042662e-06,1.456962107605531001e-06,1.075191336024299268e-06,1.143392859982120268e-06,1.055114222931580380e-06,1.067566138658632428e-06,1.032936575592730469e-06,9.547936374441250498e-07,1.061562519584198852e-06,9.272000405919008305e-07,1.139678950153047579e-06
1.398678101050529666e-06,1.525292209936248851e-06,1.271410372378143407e-06,1.341506266389035517e-06,1.822211255371861608e-06,1.357515609301402594e-06,1.034446703773077131e-06,1.155094998302020848e-06,7.973602028440770464e-07,1.057844996895260058e-06,1.044275809175683443e-06,1.045821407165165971e-06,1.109541970539720626e-06,8.566435448580491050e-07,8.714951358839567772e-07,8.773342325689391474e-07,6.430418113618205768e-07,9.356452491286078858e-07,6.611852215510810998e-07,8.067561907139435859e-07,9.835298402563949889e-07,7.570624800531125398e-07,7.307251542112731282e-07,8.253664676628163908e-07,8.276173558744485278e-07,1.048606514348795169e-06,1.570045863677053375e-06,2.172403450317495231e-06,2.455839345420790463e-06,2.265998034459982357e-06,3.131550119494247339e-06,2.872900632044515624e-06,3.920443396977963974e-06,3.904984392060556094e-06,3.819248908963328625e-06,5.064190277634763029e-06,6.058007016215802286e-06,5.514248523803481494e-06,3.589974015954864276e-06,3.965123237298733130e-06,4.985911999648521454e-06,7.204065928936756024e-06,1.667613639763945068e-05,4.157059768592039924e-05,5.814856684259287633e-05,8.481446294251546321e-05,1.100922677399093335e-04,1.794638410546921855e-04,2.616408980365291957e-04,6.735625195937989217e-04,8.981066024579810415e-04,2.850992322017903771e-04,2.357077916575604001e-04,9.686863811524588669e-05,6.738741400356931170e-05,7.443181166653753563e-05,5.831504716778862279e-05,3.532242761278632417e-05,2.130555584997694750e-05,1.137650748147475495e-05,6.467555848304853569e-06,4.726731021016073905e-06,4.034384251560087421e-06,3.021988045498829322e-06,1.645449015156392544e-06,1.433324677381598029e-06,1.085287345274565680e-06,6.140191735641688947e-07,7.044001605898517539e-07,7.820300915892243693e-07,7.016654253017392184e-07,1.238731130241864698e-06,9.694186936158856281e-07,6.171068220470319918e-07,8.020083622916916312e-07,9.062729571792596550e-07,7.075747515711735911e-07,7.956880114759555269e-07,6.043291503614135526e-07,1.009964312928647533e-06,1.019370403468867922e-06,1.033889155576259074e-06,7.473357628006990269e-07,1.047900275374479617e-06,1.126397967053226980e-06,8.352056922100505810e-07,9.099587780800033647e-07,9.540762133718355041e-07,1.095402386668344466e-06,1.062467238230041811e-06,1.716683569950294118e-06,1.528972567744719632e-06,1.593400048072129120e-06,1.634753257399012823e-06,1.048444725960107952e-06,1.008528858350550758e-06,1.248861754549374754e-06,1.235348745904555333e-06,1.020616092604252077e-06,1.271146166648398175e-06
1.160475802177102352e-06,1.336873135054150098e-06,1.195214148103671412e-06,1.677438415149800886e-06,1.341392383281582959e-06,1.382387095620863904e-06,9.556908623704366314e-07,9.907566578764822799e-07,8.629628122561794264e-07,1.278714872863682106e-06,1.245824363318991092e-06,1.224818916423050517e-06,9.958761558203660966e-07,8.813639586680132319e-07,8.177768427041447231e-07,8.946158983256662175e-07,8.087181800116859515e-07,9.914587404754675395e-07,8.509680694797263071e-07,1.188574480387636482e-06,1.026474342999766891e-06,7.419376585249614404e-07,8.281291669305465678e-07,8.801183764159531121e-07,1.066943789589839682e-06,1.228144988349478462e-06,1.877501848359688045e-06,2.151906781270845588e-06,3.001567002964319621e-06,2.730235257815205282e-06,2.129796178115700709e-06,2.609905370267285894e-06,2.553630901065002331e-06,3.065372712866130175e-06,4.041288125025689424e-06,3.939708769439858803e-06,4.731838616083481510e-06,3.890111137681478968e-06,2.617189811553481504e-06,2.658808529636545029e-06,4.562625295691308600e-06,8.738823723665769440e-06,2.174499348362370714e-05,3.535541406043083578e-05,4.283432243199998058e-05,6.567298350010999681e-05,8.281307836082754637e-05,1.586963451472531714e-04,2.180105355927827791e-04,5.489437382956107152e-04,7.608373350793225720e-04,2.440335187065292258e-04,1.841216746380058410e-04,9.387760634819620358e-05,4.187919877492596586e-05,4.526129414932389573e-05,5.099065230592535772e-05,4.085136234911872650e-05,2.416059416864951544e-05,1.233766978335383766e-05,7.491475659422800818e-06,5.251035387226534658e-06,4.608298109346815325e-06,2.803816075744114340e-06,2.647789259119698865e-06,2.060201907151374126e-06,1.253274476485773272e-06,9.325560507651714469e-07,7.620148848685421452e-07,6.959386093773497436e-07,6.691690990659269201e-07,1.063644495817078276e-06,1.037573737710756512e-06,7.232486742609711442e-07,6.266862313631570068e-07,8.167913157715601967e-07,8.018490082880869151e-07,6.255108986204653146e-07,9.146142347885861537e-07,8.687259977964875353e-07,1.217478814986648547e-06,7.311455339575370521e-07,7.162980314515931602e-07,7.918991569521982281e-07,1.259907214535027424e-06,1.245076633823764097e-06,1.090795530877165812e-06,8.456379390154020058e-07,8.431941414682076872e-07,9.224576626203188668e-07,1.569460095202843797e-06,1.531818905316591441e-06,1.309771528319682509e-06,1.568510736828633993e-06,1.336923966528860873e-06,1.065446749936746297e-06,1.539226512574190135e-06,1.269060971834241305e-06,8.831319052069362595e-07,1.204048423976795677e-06
1.184511998785761712e-06,9.750218097639265241e-07,1.022134791534693594e-06,1.783682195803474982e-06,1.128880869585208138e-06,1.304280729289358976e-06,8.455503005023311167e-07,1.032543616887617361e-06,1.009684031763333211e-06,1.600534844695298583e-06,1.476748597909194344e-06,1.370689315387233345e-06,7.146547947001262361e-07,8.101444488000701208e-07,1.025519212409987439e-06,8.202157104443958598e-07,1.135651736327320456e-06,1.116586539417126259e-06,1.025123345251527302e-06,1.244434138761846694e-06,9.562827135798475531e-07,6.092805622475651129e-07,8.160893624050323742e-07,7.932278812716676125e-07,1.203975786011228982e-06,1.394685475206351732e-06,2.118344001972692359e-06,2.214400120081417589e-06,2.414252846089880952e-06,2.726178810486934090e-06,1.924142338034270510e-06,2.445512409995682296e-06,2.406840498969067662e-06,2.410236202433535658e-06,2.881048734520940926e-06,3.887444587416472016e-06,2.830353360146309531e-06,2.318450393797203965e-06,1.842366406716093550e-06,2.826021736174087076e-06,3.810453068279761208e-06,1.055126769312243407e-05,2.252478276426689039e-05,3.103374997956142445e-05,3.972125546995641587e-05,5.473707869065229603e-05,5.782934192056054780e-05,1.076776088590669297e-04,1.390077811881999218e-04,2.964605406484956628e-04,2.839155230217219961e-04,1.549968728910537544e-04,1.245678032745276660e-04,1.032626247058821456e-04,3.926513286151528490e-05,2.960819811884955781e-05,3.679922350453494588e-05,3.609588415290530074e-05,2.417308978075514051e-05,1.681878417231674923e-05,9.851484156512928586e-06,5.598848040344815534e-06,3.547736970788764277e-06,3.274367496470867925e-06,3.113163852968325798e-06,2.018883787461129828e-06,1.942396975391042462e-06,1.251815243014804810e-06,9.787368592438531913e-07,7.758556371839367673e-07,8.810314486894493034e-07,9.670056954738169187e-07,9.967429609276659386e-07,5.745395686067126829e-07,5.535246831467493481e-07,5.692149500663054306e-07,7.654516519327260748e-07,8.162255905145390454e-07,9.093998692756624043e-07,9.699900198053391617e-07,1.310681609949028308e-06,9.158435527232050894e-07,8.472385047172360880e-07,9.030890918886662117e-07,1.020688028869853083e-06,1.535389651122759205e-06,1.233179539896380773e-06,7.053947841684053784e-07,8.367104476212850742e-07,9.528317035898488891e-07,1.216507555352883776e-06,1.106388219059896500e-06,9.481903332196860013e-07,1.664616743714813622e-06,1.747320539396350911e-06,1.122724546053522911e-06,1.646051812994381854e-06,1.586538596893551580e-06,1.143480490509918172e-06,1.124455956780226923e-06
1.064551309171043928e-06,1.183729874017649353e-06,1.363428111346654961e-06,1.476662193367170098e-06,1.367483273761522034e-06,1.454728020775700936e-06,9.728135622165499992e-07,1.162724681238646409e-06,1.188472487776751417e-06,1.925537237748358590e-06,1.385391350418827584e-06,1.466577430468786085e-06,7.806404856121350342e-07,8.763287752501872376e-07,1.209888009276172201e-06,1.010066035198575024e-06,1.099332880482403107e-06,1.062327588780564045e-06,1.310605767724387505e-06,1.028834079001393854e-06,7.202285091113706207e-07,6.474866910556412208e-07,1.077653021010908109e-06,7.981992824513490002e-07,1.164644113238446203e-06,1.136553330988533354e-06,1.659740117486401588e-06,2.310321115070084537e-06,1.719728014625136788e-06,1.805594580764171686e-06,1.458569372491894230e-06,2.455386490392116689e-06,2.307033035500780044e-06,2.567114451533232614e-06,2.776815116658684607e-06,3.322799037777206492e-06,2.222429965351960250e-06,1.425708890540272788e-06,1.781593013918829767e-06,3.566675145482575876e-06,5.204764441270777577e-06,1.197121510605233414e-05,1.792864833496732175e-05,2.375524204092280855e-05,3.407531575638933919e-05,4.346688566975863584e-05,5.238334701362987037e-05,8.092288278052428086e-05,1.075754219611168850e-04,2.169210333164953066e-04,2.166700068776574036e-04,1.470866201703216935e-04,1.076911248612846242e-04,1.053452534674669607e-04,4.755267689802419916e-05,2.048385579848116008e-05,2.110748539144959829e-05,2.746516616046393362e-05,2.654054424247787356e-05,2.119080568162539429e-05,1.263045439010990714e-05,6.395314834795090997e-06,4.581035316766567835e-06,3.796856589169379472e-06,2.657314406400914152e-06,2.421370310174847395e-06,2.232858368133516963e-06,1.656136727032502181e-06,1.442689704846143028e-06,1.160084599671617350e-06,8.827542877439989332e-07,8.020687947514776791e-07,9.995385380462996210e-07,6.047393838660110770e-07,6.285851777916333069e-07,6.499034950131370461e-07,1.128085454948835308e-06,8.989513523368585647e-07,9.097873098935694420e-07,9.978132067324868245e-07,1.082847708208789051e-06,1.287234777549252993e-06,1.145552769455753459e-06,1.123985211600667261e-06,1.079987682156551204e-06,1.286147698659923448e-06,1.172883445302727042e-06,8.896835789684026759e-07,1.088159509687405767e-06,1.107914736418782513e-06,1.099834039577194888e-06,1.237780298421501309e-06,8.220965668572303439e-07,1.292419531508567179e-06,1.495734754287090171e-06,1.276008275843976632e-06,1.693980951688210075e-06,1.787163843261997072e-06,1.576376283997599301e-06,1.277770400956477923e-06
1.039193568143297331e-06,1.331982219871378470e-06,1.283504436022429720e-06,1.386011793616631357e-06,1.527623870032097228e-06,1.354009008607637019e-06,1.255178476628341664e-06,1.092961006139704278e-06,1.196437002164907643e-06,1.648115520791375595e-06,1.225108509045372360e-06,1.119736731912882553e-06,9.203374731025477242e-07,8.695868977317013780e-07,1.189367310435347828e-06,1.117883619636753101e-06,1.174824962572350837e-06,1.061931044736743443e-06,1.636697871759965310e-06,8.925285120937098103e-07,7.891272361819186476e-07,9.242793245568654511e-07,1.294864380920227866e-06,1.007627285808295671e-06,1.230418512138321041e-06,1.601023329957819594e-06,1.896741541994596259e-06,1.614982647788067642e-06,1.186741560763028235e-06,1.611911202567017571e-06,9.685820693103634559e-07,2.156212057762801245e-06,2.313845271926271379e-06,2.295146910241364125e-06,2.028372843518098489e-06,2.020965381468024982e-06,1.780478836646966762e-06,1.130263449358583221e-06,1.571922532594974295e-06,2.274761456230343579e-06,5.933960216333085497e-06,1.132559797889167635e-05,1.737904751089588021e-05,1.835477148286222417e-05,2.572156228323498051e-05,3.065921743526094388e-05,3.867748025492371569e-05,6.129930443011156907e-05,8.571863448530223745e-05,1.391097191269676631e-04,1.117009773124965738e-04,8.012857560647534169e-05,8.320783625738975662e-05,7.316864927498937859e-05,5.185938651195336956e-05,2.289144345207201769e-05,1.689086804084238404e-05,2.111639516280343869e-05,2.272666611217580626e-05,2.007530428182592537e-05,1.304113354641340533e-05,8.969673663356525202e-06,5.641827619336729744e-06,3.966515285117657450e-06,2.331411591132820316e-06,2.508838498854004150e-06,2.185688737199264716e-06,2.187516756780528607e-06,2.247916215650397805e-06,1.592665663516489640e-06,1.028617728060092460e-06,1.035798584196539857e-06,8.298438827568182454e-07,7.333856100667608487e-07,5.503170774085356952e-07,8.292852154554297003e-07,1.142984190392737772e-06,9.750612858453306758e-07,9.274425198195634346e-07,1.089283699709743248e-06,1.004513427866009004e-06,1.430860679312130494e-06,1.080209466458635814e-06,8.507734290097322352e-07,1.120899579359462353e-06,1.110470112198610167e-06,8.756094831392301086e-07,1.075609903836359432e-06,9.309119631904688474e-07,7.816032172829751596e-07,1.041009867005033887e-06,1.391015995195077619e-06,8.411572083230832274e-07,1.096868642455585774e-06,1.336028353718720414e-06,9.860626713946925556e-07,1.382721807099398602e-06,1.369627052153259881e-06,1.459000749281301752e-06,1.352318291164070411e-06
1.166581909948668746e-06,1.634060287226643985e-06,1.204540172881252973e-06,1.376511955895045243e-06,1.201071083832891579e-06,1.263711318635711827e-06,1.304638574582580715e-06,1.283490547718175294e-06,9.551494209203414124e-07,1.477303810222707280e-06,1.206387777686224829e-06,8.166090700636130406e-07,1.006353694220768935e-06,1.104088323244130817e-06,1.413965355999043531e-06,9.871733644904422326e-07,1.110158775207470595e-06,1.074622836785389795e-06,1.402955918982522140e-06,9.632211401585886798e-07,8.423164967900663645e-07,1.038620077775151806e-06,1.276263683702873486e-06,1.150677062261708472e-06,1.490036994062460072e-06,1.917588589980975615e-06,1.828933738895771183e-06,1.758726608194523396e-06,1.143276608864513571e-06,1.856804585797156219e-06,1.351174337289857061e-06,2.113123766966117906e-06,2.149357388965294124e-06,2.486459033025495458e-06,1.765849400516813706e-06,1.127608468976758821e-06,1.058502954695520595e-06,1.020545714651542223e-06,2.164668413555889387e-06,3.457307679485028355e-06,6.721173220278775449e-06,9.417145403554532635e-06,1.471266390673608424e-05,1.722696746655559254e-05,2.311262624113201200e-05,2.778224796686820907e-05,3.434237637710281477e-05,4.822556109914738964e-05,6.923719519605738481e-05,1.505996655105857804e-04,3.175752458852122641e-04,1.562160478425092341e-04,6.711665356484697569e-05,5.839224194492839242e-05,5.550127779855120092e-05,2.411796698122712566e-05,1.709933965797500447e-05,1.310280686752404887e-05,1.699281460895308974e-05,1.654440488096633866e-05,1.500379357535625646e-05,1.129400893276156435e-05,6.583536808389200050e-06,3.718894040425917879e-06,2.831600011080616213e-06,2.260352300746855809e-06,2.154611884979289095e-06,2.593473877450066116e-06,2.109011585567332969e-06,1.823251249457255333e-06,1.421019250107084004e-06,9.982532905480665327e-07,8.809834150923408764e-07,7.563435493437282643e-07,5.575863607972989145e-07,8.159188198017935203e-07,1.102208516675963193e-06,1.014476032524337821e-06,1.089770398863277039e-06,1.154292227172680769e-06,6.457088560630059723e-07,1.311778453431743027e-06,1.318584166943847665e-06,8.429960112284094756e-07,1.004977870869328435e-06,1.156074402970635100e-06,8.633327715288452675e-07,1.276392274971438476e-06,9.848705462936631192e-07,8.002772808406096283e-07,9.033037237517696408e-07,1.069176547985215801e-06,1.012716387323633821e-06,1.393812186139595106e-06,1.531484912853284239e-06,1.025754767581517253e-06,1.313991191947419436e-06,1.214968485504199899e-06,1.240380127999117532e-06,1.205218512254109610e-06
9.258158091351400357e-07,1.670382741264124880e-06,1.238775863477829186e-06,1.094965921831622920e-06,1.163266683296322299e-06,1.236374872327079910e-06,1.213579239958124585e-06,1.487984567126377326e-06,1.081318478594509379e-06,1.475534431040247364e-06,1.250153121387291839e-06,1.017824717862722753e-06,1.202649673139689303e-06,1.104991390827226892e-06,1.315438550472850438e-06,1.063374584440524026e-06,1.031008428840510616e-06,9.405567356515168991e-07,8.772694485792289517e-07,1.099533409176384848e-06,8.066179266986757087e-07,1.168665432492434563e-06,1.660255142648634669e-06,1.273548810468319001e-06,1.464974022859506090e-06,1.883754285451524197e-06,1.492705912045966755e-06,1.201117727563910131e-06,1.227654697171954679e-06,1.629651405455405199e-06,1.835397088398794185e-06,2.140587784237893055e-06,1.594637560581364485e-06,1.845610766161863172e-06,1.587807748702864987e-06,1.006069582435541140e-06,8.533238910938943435e-07,7.823508745367970801e-07,1.983903524540541112e-06,4.452081057446853405e-06,7.467742742545478127e-06,9.009343390634788019e-06,1.026935399500591523e-05,1.357714743748656708e-05,1.996091849560272454e-05,2.443086649948011339e-05,3.521961332731886010e-05,4.144505786675323938e-05,6.197741535639766583e-05,1.382663925334514429e-04,4.392789935228586873e-04,1.985025968878235416e-04,5.471324046276310757e-05,5.274020385864163055e-05,4.787782428244272620e-05,2.980273230948605833e-05,1.327966629492114750e-05,8.580080327974317985e-06,1.147381502086480286e-05,1.341411147231680910e-05,1.362514774682555090e-05,1.156872754920737290e-05,7.558557772207829340e-06,5.437922124526676888e-06,3.360453978117536385e-06,2.157025189681660410e-06,1.712751034871566383e-06,1.917834456238937968e-06,1.521722827640758489e-06,1.763794116547693616e-06,1.639543652732299888e-06,1.310387459230503622e-06,1.208057318574754939e-06,1.129506136677039119e-06,9.794954068062196846e-07,9.331075491090036891e-07,9.265808349102552587e-07,8.926486435135591367e-07,1.154673589889134453e-06,1.584461394274326194e-06,8.951236961907328653e-07,1.430441262596089340e-06,1.667700401219678852e-06,7.369900066292318242e-07,8.389707582080418247e-07,9.444828607562486932e-07,9.047734262311901866e-07,1.256294316914242756e-06,9.020423282870966529e-07,8.182469933525023521e-07,9.132277408830498865e-07,1.054397767082538561e-06,1.208685621337168455e-06,1.328068407967962040e-06,1.555758324441368763e-06,1.162135390471880264e-06,1.075728262931615917e-06,1.185166651733891519e-06,9.371799166833283633e-07,9.310375572900496342e-07
7.616932815797143555e-07,1.612877661730615269e-06,1.519978941852177196e-06,1.258176850899369805e-06,1.081213344874222743e-06,8.173205211029260437e-07,8.447624015965673459e-07,1.232680768677507963e-06,1.205533488250548398e-06,1.271898614344468714e-06,1.109452004879488592e-06,1.118382574774452447e-06,1.271043874208728508e-06,1.073872306291587195e-06,1.134465096028011504e-06,1.216182907211018180e-06,9.625059218898723608e-07,9.203939780921350319e-07,7.401869718329082327e-07,8.739618618382169751e-07,1.008872460803869667e-06,1.115508281145426477e-06,1.644050623820548336e-06,1.434863800278418875e-06,1.368416116659365082e-06,1.675154779647852554e-06,1.523950590547069418e-06,1.028849769525233709e-06,1.148866293387510734e-06,1.442556069394910850e-06,1.670917084267439317e-06,2.256484794517370285e-06,1.869200825781936305e-06,1.028221074060271857e-06,8.166057748286806294e-07,6.263423176969499550e-07,6.638830479542746519e-07,1.129687944910177407e-06,1.796624536914749360e-06,4.931065447391334109e-06,7.246505591216357252e-06,8.147612796566892863e-06,9.630663979811624278e-06,1.172608604174129521e-05,1.697064388062224959e-05,1.808311566788302328e-05,2.761612696056370988e-05,2.997269750078079668e-05,5.216245886275527383e-05,7.095358613130142266e-05,2.007157457985168751e-04,8.222713040950984829e-05,3.982826911906765994e-05,4.178620033219004854e-05,3.804001198137462082e-05,3.152514639375966402e-05,1.271845273099884128e-05,1.092758977711148718e-05,6.846555655842035862e-06,9.712327494829850201e-06,1.066517134121553694e-05,1.122040032490904177e-05,9.100953017342021650e-06,6.816934994178001857e-06,3.663474011118521521e-06,2.570079810938138959e-06,2.057518000810717536e-06,1.436792148644937080e-06,1.352234047508371700e-06,1.714984280098004289e-06,1.413390133490336770e-06,1.192157360264286675e-06,1.560668120950973122e-06,1.455086062580077911e-06,1.410169761834486444e-06,9.658086720509327702e-07,1.001724059312928070e-06,1.013068586829657612e-06,1.347026799746351323e-06,1.586269218096227917e-06,1.249922763289504402e-06,1.382970499265642832e-06,1.331329692281844276e-06,8.917416812504522632e-07,1.058819865994543405e-06,1.075411698641587844e-06,1.128186977281066217e-06,1.415309836097017380e-06,1.037430817818543939e-06,1.037223005864881746e-06,1.243031357290348845e-06,1.260828972107889893e-06,1.209121453404326936e-06,1.158387163846970390e-06,1.484439170258126015e-06,1.113292442276420417e-06,1.097461351609160856e-06,1.154686129798784586e-06,8.933707185242071669e-07,1.020886154146622042e-06
9.470175739417760207e-07,1.548374360662361793e-06,1.542307316352757356e-06,1.240694302867853562e-06,9.238271869837810077e-07,8.069057585839466131e-07,1.066785362358118697e-06,1.491162348128825255e-06,1.318630556521453865e-06,9.147214493941858301e-07,9.453251275679646685e-07,8.181958237571714829e-07,1.293465913563825680e-06,1.241905721674542546e-06,1.290856648423991523e-06,1.223253990524611305e-06,9.141350124111450446e-07,8.652985626942229865e-07,8.658906360498732578e-07,8.420513364492082818e-07,1.152878283509727172e-06,1.148065938705697207e-06,1.129333508816767965e-06,1.515261830160550594e-06,1.368059384402972667e-06,1.277841987455059790e-06,1.652510741568336615e-06,1.374291926485018323e-06,1.230506948677051558e-06,1.363464120934312093e-06,1.519695209556972570e-06,1.719434605885902509e-06,1.726717027114494246e-06,1.037593755323484137e-06,7.834212074648053536e-07,7.767321607588070489e-07,8.520390838998198888e-07,1.540669352028330628e-06,2.236294542158940208e-06,5.173627294090837524e-06,4.817675479440454740e-06,6.778965578952136276e-06,8.397907630074377574e-06,1.250719712229146045e-05,1.465965431756308103e-05,2.001973802023864074e-05,2.557606210966339397e-05,2.264767121497811468e-05,4.224745055811188752e-05,4.613544258173110868e-05,1.259657672036345970e-04,7.496826072989546915e-05,6.923947927824947201e-05,3.803191666720565160e-05,3.199539040368461472e-05,2.822521897720877001e-05,1.784021116354718396e-05,1.032263887842295729e-05,5.915635858884664934e-06,6.018575871434781690e-06,9.698203180535756653e-06,8.073087989406334616e-06,7.818998078146223329e-06,7.323867842559934844e-06,5.175751565680009928e-06,3.932979689753879427e-06,2.399769297373844548e-06,1.492203377043225100e-06,1.239502526538063498e-06,1.198991378487091948e-06,1.177689341886664081e-06,1.159371554889697584e-06,1.817336914393697336e-06,1.427892276053045075e-06,1.246321605971772900e-06,1.471076755224717043e-06,1.183980851742803116e-06,1.615484623725166769e-06,1.452449063392763727e-06,1.100248105459539068e-06,1.270462337013462334e-06,1.218133697232305331e-06,1.216675848618995782e-06,1.096165202896952583e-06,1.257972186800546267e-06,1.293841913835932688e-06,1.149137064454486667e-06,1.285957137145231316e-06,9.853344775787758498e-07,1.087343192237116848e-06,1.237319082268590729e-06,1.040485477442817574e-06,1.292492209739130817e-06,1.529720703674946741e-06,1.342194859144127024e-06,1.009252350450172352e-06,1.156598806316188059e-06,1.289451133269560588e-06,8.141563150337830679e-07,1.093769077117864178e-06
1.054294275855401523e-06,1.301869162134980763e-06,1.280536735415831786e-06,1.150843486213970521e-06,1.137531997389353134e-06,7.965360701498145012e-07,1.345423655008892374e-06,1.332740066300023341e-06,1.509439926644383800e-06,9.591574129271768253e-07,9.254549638591159474e-07,1.260090294774146778e-06,1.304679258801026050e-06,1.366423564547719549e-06,1.388293932039426547e-06,1.318046775130337064e-06,1.108746483274253200e-06,9.400092794447381327e-07,1.266514230582723961e-06,1.275634550567857118e-06,1.230238635647523398e-06,1.078254586233163100e-06,1.147069398331359448e-06,1.344616024589135458e-06,1.656759475032647424e-06,1.139081587402800635e-06,1.230987160397267301e-06,1.675117391340430740e-06,1.333214756531605242e-06,1.687082770939017846e-06,1.531340559102227469e-06,1.307724919126490252e-06,1.082483311665970902e-06,8.752565336834391086e-07,1.291056383805567591e-06,9.626914398608898557e-07,5.281605510114162302e-07,1.230470134703028230e-06,3.528147610927356933e-06,4.945068839621758215e-06,4.163896137360836802e-06,6.396678505209329316e-06,6.269520122458437743e-06,9.691566365266875892e-06,1.205262046598887924e-05,1.725236460255731328e-05,2.439999987466647297e-05,1.803080583347613130e-05,3.126371759858256796e-05,3.209665106293661455e-05,6.996005336180081892e-05,3.460327502576059566e-05,3.871069482504598327e-05,2.922901923841151711e-05,2.945479523630231168e-05,2.167874213241985349e-05,1.959980874719357712e-05,9.968938315921330162e-06,7.068341401754839647e-06,5.930341151722476418e-06,5.925750317538580988e-06,7.341405673844963923e-06,5.249304290508659351e-06,7.109125495913219350e-06,7.376338725298958348e-06,4.868243272093552764e-06,2.945397873967790634e-06,2.226170851919800064e-06,1.581050632573651213e-06,1.043268949479288031e-06,9.711087682002597078e-07,1.151395680253390223e-06,1.618511259677486088e-06,1.244700988860580716e-06,1.473640570575101446e-06,1.836320274908096991e-06,1.224702224530399878e-06,1.546378131966543477e-06,9.429994886632992810e-07,9.173171209703378028e-07,7.677419292130603653e-07,1.590371000683734201e-06,1.577375841161264123e-06,1.183592177558030687e-06,1.270884468338467977e-06,1.049157418907471670e-06,1.372074173236875914e-06,1.450961892893791917e-06,1.234579518124787256e-06,9.531913518416091882e-07,8.646837880316864578e-07,9.365976329000718694e-07,1.108376383038718549e-06,1.414851715328636363e-06,1.512527561160538630e-06,1.221993978539113895e-06,1.322065494247920183e-06,1.448856684770240100e-06,1.127247501418005704e-06,1.292518419908299600e-06
1.238638195539849298e-06,1.701696815458915183e-06,1.317120724415723410e-06,1.265166895723721314e-06,1.156503090585480024e-06,9.282856258156929610e-07,1.364602854776704020e-06,1.067850649410985675e-06,1.596256038721411452e-06,9.178887699904847039e-07,8.694464945307668134e-07,1.462602001975043276e-06,1.292694821146086166e-06,1.300609648918075868e-06,1.153343417022101932e-06,1.425531084658596540e-06,1.180015642894826273e-06,1.038007828227724250e-06,1.293268665217521357e-06,1.399046478213071038e-06,1.359048269855730603e-06,8.831731217195966075e-07,1.217883410272351565e-06,1.449194420881450769e-06,1.861626370947650551e-06,1.258561633685638187e-06,1.451465769623911569e-06,1.769124048665077692e-06,1.398528375313544226e-06,1.631722849760330404e-06,1.563621558015348881e-06,1.257650691956941620e-06,9.323103216513931269e-07,9.105361699968814656e-07,1.282246833351653494e-06,7.997333213317351647e-07,7.311304754258388118e-07,1.859525422303220264e-06,4.127633018037005393e-06,4.257253497899355087e-06,3.802827488157534588e-06,5.275404655554090813e-06,6.658479540079582739e-06,9.899746925646974908e-06,9.588621776160405368e-06,1.265376291773343728e-05,1.969715449401515040e-05,1.549355314363727386e-05,2.523884793697420722e-05,2.480378341972941110e-05,7.551953078305657886e-05,4.620755782097549338e-05,3.355859524354924055e-05,2.140662256027242596e-05,2.747844164530648402e-05,2.251595082516172220e-05,2.087622368061428486e-05,1.215862770254570082e-05,7.476960923555059385e-06,5.366651156204002023e-06,4.251612638755512287e-06,5.193489245214425723e-06,6.057054476462950544e-06,5.184652305665099361e-06,6.075400341312036521e-06,6.323322023776614902e-06,4.938023679416118502e-06,3.702336328043746041e-06,2.336257061592643929e-06,1.242322607406013918e-06,1.090959783469913474e-06,1.234812657543662466e-06,1.321762074790323302e-06,1.027472753942199490e-06,1.450959785475015102e-06,1.397966359008543430e-06,1.119813151652918845e-06,1.570600483108880792e-06,1.271561295443870806e-06,7.404322261206381861e-07,1.013974906000675908e-06,1.677212721214541473e-06,1.320138181728214746e-06,1.425706937964698985e-06,1.225365885336802292e-06,1.021868556270357227e-06,1.791539971176562920e-06,1.484147666338495345e-06,1.088032436565245975e-06,1.255291680805030032e-06,1.202721330712125817e-06,8.617099797170194595e-07,1.163944668673628175e-06,1.675554139189122417e-06,1.918054895586336397e-06,1.546525929508559926e-06,1.616082516060545251e-06,1.430594300018840536e-06,1.233438322138118688e-06,1.361637276507326282e-06
1.432191426228208516e-06,1.824005034786685527e-06,1.405151939345663292e-06,1.330926893075904395e-06,1.059464365737222740e-06,8.337461577585753846e-07,1.463787151140014489e-06,1.006875229844521155e-06,1.520651986256140440e-06,9.956435277384213764e-07,9.754600290007455746e-07,1.123117864947665009e-06,1.241026374188182575e-06,1.616865010137589123e-06,1.365842504498830128e-06,1.184539824539215762e-06,1.011303492779384791e-06,1.054667270589621015e-06,1.323946906050373943e-06,1.138735897932123426e-06,1.674234400334014582e-06,1.280556706520812120e-06,1.523362798715211793e-06,1.087479715070772745e-06,2.000884700830739590e-06,1.842031736708347431e-06,1.545782036889811647e-06,1.784514986874011970e-06,2.037870951692567786e-06,1.618086860860491663e-06,1.652173020149651875e-06,8.200734288046165596e-07,1.081444064831395342e-06,8.447777304896160090e-07,9.809826265733092576e-07,6.216900317463084051e-07,8.438305463255037783e-07,2.069740391447751296e-06,4.303543891412801971e-06,3.263785314864310593e-06,3.482002504378648770e-06,4.271428882714506001e-06,6.651575690268169457e-06,9.147724298481032067e-06,8.666556817608227795e-06,1.158845306973461897e-05,1.499584919367935738e-05,1.544695579794871262e-05,2.338293637727785086e-05,2.409863399529620884e-05,6.725648401444654515e-05,5.772478464127001258e-05,4.540890388213475806e-05,2.039928329203447978e-05,1.699742095711221640e-05,2.015916681702320220e-05,1.555563310059933255e-05,1.309041186758860999e-05,5.887298971802020051e-06,4.401976796663070579e-06,3.617452246474073201e-06,3.589948309627326513e-06,5.138912905020207406e-06,4.709932682732536298e-06,3.374363875652535729e-06,5.402765781575152768e-06,6.029729979678480655e-06,4.501123029870299656e-06,2.992229284205492573e-06,1.723047572002335952e-06,1.217136145929383711e-06,1.029480925213267648e-06,1.128151508659643549e-06,8.190061238962594230e-07,9.834180570774227754e-07,1.113548772414224636e-06,1.366339536594873570e-06,1.192478704237129685e-06,1.440167499348739920e-06,9.991814314197886623e-07,1.186195495615440412e-06,1.157522464884666088e-06,1.368977628005969774e-06,1.527186666051416258e-06,1.518447722575866192e-06,1.553168280081552900e-06,1.452095997638409391e-06,1.274693966904460274e-06,1.542753712710185761e-06,1.461960608065185728e-06,1.457567920206821219e-06,8.231996379738237933e-07,1.038926746721267773e-06,1.741345129528878768e-06,1.404787458213410280e-06,1.460331107150442044e-06,1.227768446979703310e-06,1.463533885183446625e-06,1.406451612684838230e-06,1.480054058144053647e-06
1.434321324668042637e-06,1.510796054106835083e-06,1.351515531259613702e-06,1.043610549953921192e-06,1.234221641143407145e-06,8.295146790133503513e-07,1.328217256268560230e-06,1.285640164815551514e-06,1.385116067379412558e-06,1.234416278694566338e-06,1.159605786228060556e-06,8.652732323638635327e-07,8.953950438637081165e-07,1.841931500768466848e-06,1.483759125202836593e-06,1.034552601627135486e-06,8.561964891712044430e-07,1.223427765684375764e-06,1.956908031864039538e-06,1.494326206648503687e-06,1.519768825098152625e-06,1.343511400037739541e-06,2.025113470497192506e-06,1.013516926246719844e-06,1.319315929124781599e-06,1.751664422190841397e-06,2.028899028473617663e-06,1.641676048295264917e-06,1.976676017023351209e-06,1.700726448775206554e-06,1.242906194326286212e-06,6.793781106040771229e-07,7.117295439610230591e-07,6.135174740887833460e-07,7.181691259398428572e-07,7.536422552884944900e-07,8.428827152006529893e-07,2.129891603499346530e-06,3.955213970130889791e-06,2.868160488444316372e-06,4.009820214673216682e-06,4.439967340239642937e-06,6.062890249634475640e-06,7.974187974081228369e-06,7.031425170203707785e-06,9.381103536735627756e-06,1.212785802175079607e-05,1.286170671104855396e-05,1.642270619865412982e-05,1.908226230928410056e-05,4.254699898966231015e-05,3.222515671918852712e-05,1.407705479854002502e-05,1.560767857182946206e-05,1.596312498727227091e-05,1.949028704228777752e-05,1.550385571156187155e-05,1.321513385066079632e-05,8.419654085263667201e-06,4.619997359057399266e-06,3.518717003444227521e-06,3.271967874157732259e-06,3.081240361461101881e-06,4.189198661202455027e-06,2.975128039442850285e-06,2.791636107889233706e-06,5.361319764811606574e-06,5.570864871868543816e-06,3.758733071418761136e-06,2.043303511779701574e-06,1.443587818024859673e-06,1.585553868498161526e-06,1.332779712134048961e-06,8.867223586349436454e-07,8.624018689286050719e-07,1.045095662704361995e-06,1.189559063447899860e-06,1.270358631659536393e-06,1.305314584072837407e-06,1.264235016586208497e-06,9.757197772314033559e-07,1.432172651624381682e-06,1.374907500609502732e-06,1.649822323886583293e-06,1.466196357844931306e-06,2.084185974316222847e-06,1.230877976184818656e-06,1.232913612958180101e-06,1.763912825075514470e-06,1.209937771696164052e-06,1.333128541062647697e-06,9.783008151932799057e-07,9.205295025108111514e-07,1.417170111671892854e-06,1.183199854211208996e-06,1.660072821399563842e-06,1.513769756500450355e-06,1.250279502674799693e-06,1.291475277856384232e-06,1.112124337086285332e-06
1.111078881313862537e-06,1.273902282340039906e-06,1.276846385586679177e-06,7.669948000260946590e-07,1.284462464650614206e-06,1.070731332649822628e-06,1.610392896185906930e-06,1.162786190531941768e-06,9.906741793388109901e-07,1.232321227189568161e-06,1.357662714955047853e-06,1.142257218362346592e-06,1.102358881605258242e-06,1.593798341025569074e-06,1.383296028779996586e-06,1.188348116670111235e-06,7.804491152559655709e-07,1.335021454824862740e-06,1.660001996201847345e-06,1.464488210463734788e-06,1.756739739032257873e-06,1.204588826198713286e-06,1.511791318887592197e-06,1.143778807800650749e-06,8.942776856379863851e-07,1.141584541688516598e-06,1.753718876125133351e-06,1.722652542632827255e-06,1.744658947991024153e-06,1.585296378612590829e-06,8.903353990681915020e-07,6.556035469638752855e-07,6.710043701652089951e-07,7.673777445983343351e-07,7.719074181482192107e-07,7.898652514278301971e-07,1.028598437237684149e-06,3.183100916067772803e-06,2.665005895006385567e-06,2.299023377956032029e-06,2.795331039723894885e-06,3.907538199782292989e-06,5.666184846636195795e-06,6.732758726181854303e-06,6.557221274573075776e-06,9.465413637279120501e-06,9.410485760365382862e-06,9.339601769209336012e-06,1.192590929343200138e-05,1.746508835322111485e-05,2.486140587974243151e-05,5.059912179283635613e-05,2.603322621169276913e-05,6.162374845999953337e-05,1.308203901121762269e-05,1.313706204839750361e-05,1.432215194791446538e-05,9.500365536837901981e-06,1.044484887211560536e-05,6.305545724762102939e-06,3.902196255491124271e-06,2.647483753718354556e-06,2.490186149957996321e-06,2.283216771035001062e-06,3.507265376464194007e-06,3.059496208759350534e-06,2.494294905700593691e-06,5.570675444372004325e-06,4.739484297072611267e-06,2.667787829626703056e-06,1.983351475116035241e-06,2.535693450779915206e-06,1.957275672997409814e-06,1.315669978010525762e-06,1.008924098692955907e-06,1.097993117940697882e-06,1.084205452985515222e-06,1.352521265296658599e-06,1.360423861859921591e-06,1.298106289164838283e-06,1.357168373461854505e-06,1.332413717230348745e-06,1.564261164956941342e-06,1.569465789543058507e-06,1.413702412760193622e-06,1.849800233507099096e-06,1.587488838444717076e-06,1.184681008354065908e-06,1.314699757282539862e-06,1.267152868142620697e-06,9.407024958308874379e-07,9.670660484807389499e-07,1.121438421607908669e-06,1.223394483514017082e-06,1.221870425281521222e-06,1.521212332583146599e-06,1.677182999965756328e-06,1.248139820640077374e-06,1.049806778052645123e-06,9.258219237838172923e-07
7.559185846062445691e-07,1.362201818216035633e-06,1.498701587844726350e-06,9.363501183335160944e-07,1.438122576101854431e-06,1.355216873528014790e-06,1.462268916935423445e-06,1.327632690121711648e-06,1.038967339343162614e-06,1.284525724553210428e-06,1.176018904829919295e-06,1.128769185337019610e-06,7.431476421957736168e-07,1.286010364118720094e-06,1.180525372599228897e-06,1.336011034174763016e-06,7.734586782669672232e-07,1.036816779030113879e-06,1.451101145477296701e-06,1.354463798700321633e-06,1.426341581732157456e-06,1.287573255311177707e-06,1.292852415702631841e-06,1.182000585457839070e-06,7.834939458101521270e-07,8.649884347468435102e-07,1.507715908870489496e-06,1.733011790446762618e-06,1.616277487880453116e-06,1.172951395891350567e-06,9.687700991337193978e-07,9.483244479361470029e-07,8.647558994520320185e-07,8.546018799904550833e-07,9.817491337462589937e-07,7.541723261055482492e-07,1.508198083753354438e-06,3.817739881199726164e-06,2.236758974437882533e-06,2.437853269057963082e-06,2.694397734858520433e-06,3.588135517990018023e-06,4.832621520659833835e-06,5.296959415958961695e-06,4.945024830686645303e-06,9.270532328949036008e-06,8.369255522117076765e-06,8.148556846762841847e-06,1.157946839491723352e-05,1.678940492333692080e-05,1.875901357864390027e-05,4.805151112331689325e-05,1.442076490432334278e-05,2.263585337776707489e-05,7.015029432566123577e-06,1.151865682728697616e-05,1.312810300430615162e-05,1.123264673196548208e-05,7.225729738658492943e-06,6.486787985223283201e-06,3.045703530085470927e-06,2.962898068390595077e-06,2.281864373842037101e-06,2.518238929587905619e-06,2.720303700742915553e-06,4.277078682695727933e-06,2.207317565438684825e-06,2.305830959885968702e-06,3.491316741813866937e-06,3.061689365327770954e-06,2.618925892310672561e-06,2.599925269801794141e-06,2.560462172621937208e-06,1.900893071131027996e-06,1.245205762398162127e-06,1.476411315615566400e-06,1.308116676132152971e-06,1.199078745930647343e-06,9.545715687368957156e-07,1.158414291934411446e-06,1.213935990066801930e-06,9.399978641347428055e-07,1.156593404888439381e-06,1.173529206497782978e-06,1.264769122842277446e-06,1.207047022383720903e-06,1.687733286813947411e-06,1.294993651062238750e-06,1.390808869576299590e-06,1.093683654601129757e-06,1.272977800281062758e-06,1.249835504221148996e-06,1.119552828509585005e-06,9.659919476026466356e-07,1.012742134640097729e-06,1.366268119124924466e-06,1.889633618038298233e-06,1.613988393237799480e-06,1.082205736301259171e-06,1.153178162463225388e-06
9.086709021514149607e-07,1.155023862673646265e-06,1.410359250826570607e-06,1.106080349745765987e-06,1.304526739725182042e-06,1.800302224004152541e-06,1.218828532023827498e-06,1.602428683389773722e-06,1.159143285647008493e-06,1.432890098738532844e-06,1.164343913150920481e-06,1.264556317209017843e-06,7.823115406143229764e-07,1.041198622180271650e-06,9.839365889694289624e-07,1.312827438916230412e-06,8.419381105162782349e-07,1.022954709447914537e-06,1.658889533979819497e-06,1.774015241119224329e-06,1.763301245036356014e-06,1.411952353088969217e-06,1.191394982235940547e-06,1.136974272068369252e-06,1.152036128870632683e-06,9.291811848895108751e-07,1.091864005368252716e-06,1.862955533838909209e-06,1.733954104354075651e-06,8.333581596944730867e-07,8.241674922407935821e-07,9.657475160759137573e-07,1.105783766890440681e-06,1.230497188624448654e-06,7.262062705655107588e-07,9.952908383069853167e-07,1.799639286498522608e-06,3.097838845821912065e-06,1.938267418784798375e-06,1.830457887597220384e-06,2.233852351503345478e-06,4.178997350903748634e-06,5.256420902969727355e-06,5.253289748415455087e-06,4.291708603081003351e-06,8.006758485306567701e-06,6.499636488692001994e-06,6.881862875595627881e-06,9.616457973349765392e-06,1.573597731065753966e-05,1.576803885304329256e-05,3.166556548472366540e-05,1.471572544287235431e-05,9.791555379005469726e-06,1.613862313941503103e-05,1.160228077213521694e-05,1.125122765406891513e-05,1.224036033154329788e-05,6.224215492352654893e-06,8.742829447324189317e-06,4.837505565882870511e-06,2.137831001488056789e-06,1.668529394584054308e-06,2.302700031053225221e-06,2.779753220628073846e-06,2.280970070890280661e-06,2.912821583011177372e-06,1.751938512216477962e-06,1.593949614042359567e-06,3.018810148233473381e-06,3.504493912099448457e-06,2.936665301289790299e-06,2.146640616751324863e-06,2.006940760921243040e-06,1.658142746579232369e-06,1.945166574657588635e-06,1.959524849642959285e-06,1.636848116650526165e-06,1.074819634353482871e-06,1.049830972160874218e-06,1.502908593784514697e-06,1.211027304098042660e-06,1.007483473094187699e-06,1.106503235873191969e-06,1.049108219517802993e-06,9.823409215213805423e-07,1.202265023282052419e-06,1.204823398740238665e-06,9.663414143903647193e-07,1.007584973310318051e-06,1.334233719623484748e-06,1.420745767471031539e-06,1.073264775379980224e-06,1.070587995786399297e-06,1.007117556130209726e-06,1.136181486840688450e-06,1.642680177624090431e-06,1.784778879717688668e-06,1.260015004590666367e-06,1.152496252091630052e-06
9.704912108494592190e-07,1.142291673777111887e-06,1.033677092647664117e-06,1.261174160800646418e-06,1.310194746955433225e-06,1.722550528455138476e-06,1.068450388667195828e-06,1.218204029307194650e-06,1.135435777464096170e-06,1.082437908564939508e-06,1.023141795394951652e-06,1.014537147831946395e-06,1.254174293674024160e-06,9.647890713356318460e-07,1.351900727422065419e-06,1.126241506232393140e-06,1.074552896142910413e-06,1.294836106621976057e-06,1.659410664130637131e-06,2.010154230035960389e-06,1.737645308133196062e-06,8.721066969199100980e-07,1.000417871825749458e-06,1.258731500388537226e-06,1.144679135188342477e-06,1.387808482667536220e-06,1.450467223354808895e-06,1.798430043240041555e-06,1.538736419280370718e-06,9.256753046963109251e-07,7.404258598051589540e-07,9.210266299734754681e-07,1.041925818591530101e-06,1.089695466611145271e-06,8.436645923342702832e-07,1.361670717998284229e-06,2.355908477661349678e-06,2.393092512531262403e-06,2.296267470225436431e-06,1.878334368093077090e-06,1.990386332275091743e-06,3.904622926630628953e-06,5.387731593505472667e-06,4.523756769291571593e-06,3.831441753717163753e-06,7.419376285867149039e-06,6.097795728532889653e-06,7.342828652891141753e-06,7.750322684644868901e-06,2.053952173668456747e-05,1.469227222095836817e-05,3.046450177007597435e-05,1.257900373819080685e-05,1.303498028829185981e-05,3.242212161423527254e-05,9.368015823895203963e-06,8.589279426869645111e-06,7.398226780391451095e-06,9.045494207591600735e-06,4.736556552724815876e-06,6.046773410974246459e-06,2.501777761850029780e-06,2.457216142838169870e-06,2.214356308081398422e-06,2.196820071125390463e-06,1.688307267393366965e-06,2.679896658350066762e-06,2.611866110425822122e-06,2.153632719036882579e-06,1.399830042978724603e-06,2.142331714902329657e-06,3.040692731161711248e-06,2.842264756050246347e-06,2.203136773742565423e-06,1.991911968614236681e-06,2.642256867392993656e-06,2.701467975111546903e-06,2.291402429877324977e-06,1.679227440255878661e-06,1.249826572215879603e-06,1.644478873692093264e-06,1.520867528398128003e-06,1.325200929156497082e-06,1.432881875215714809e-06,1.099312029742068111e-06,1.121620601421238025e-06,1.410533265755215797e-06,9.405913947903435283e-07,1.077887199235128646e-06,1.027790551549429887e-06,9.403283314222589316e-07,1.545708569220430093e-06,1.374804957281523296e-06,1.067128659594562078e-06,1.203531404219680525e-06,1.507205617390803946e-06,1.344130334984674425e-06,1.625769595048376267e-06,1.285722428206350005e-06,8.517037206305827613e-07
1.008855441481809733e-06,1.506946457893882753e-06,1.216072046606949631e-06,1.101278782218954471e-06,1.278537025045865001e-06,1.384129725364797558e-06,1.039815463703728799e-06,1.133717227670080316e-06,1.174713120443696931e-06,9.463729217836392856e-07,8.747337347272294981e-07,1.129658790091337651e-06,1.545298647914854150e-06,8.929139930184600230e-07,1.431042671230545887e-06,1.086694099261100227e-06,1.240629359798907834e-06,1.318722570042845995e-06,1.600921047573311502e-06,1.799342856229396746e-06,1.083023418013437625e-06,8.881208166490364910e-07,9.916587501106136545e-07,1.386484579373538405e-06,1.388128770727427304e-06,1.589121726109372063e-06,1.519094521061435215e-06,1.610539165237996521e-06,1.438787640727097896e-06,7.307961289940855853e-07,6.042773588690295526e-07,6.102396909825351148e-07,1.021673058417481355e-06,9.888735580855077404e-07,7.058222522098197157e-07,1.620311906535797428e-06,2.278703881692866478e-06,2.114746370070673592e-06,2.417071402636243221e-06,2.493509797653212959e-06,1.911915316539842830e-06,3.178831043104574279e-06,4.649655091049833033e-06,3.938035554003248626e-06,3.486146161044931302e-06,5.951304829504681428e-06,5.383531303285418704e-06,6.537380052019490580e-06,6.271706874174865477e-06,2.121999686625575946e-05,1.007625125422852439e-05,1.576444212188496394e-05,5.190201671552478624e-06,8.726925375621242417e-06,7.282021145682999781e-06,3.668307348395429356e-06,9.294668935957959319e-06,9.101516893580780204e-06,1.009067567939628879e-05,5.691695045904060913e-06,6.625559334420850660e-06,3.960511973813600289e-06,2.577703908303627108e-06,2.344346562476457166e-06,1.609665739210793190e-06,1.718974313845716097e-06,2.457548609458936231e-06,2.589830456853537006e-06,2.533337965533987280e-06,1.689215432145700818e-06,1.425296015150924736e-06,2.354087580667780752e-06,2.847804707333380626e-06,2.664211390919455394e-06,2.199233042680346872e-06,2.776280300275155800e-06,2.769567601242496450e-06,2.438543301883478108e-06,2.175992408125637424e-06,1.586731388130752797e-06,1.370946967076248516e-06,1.810715856087082617e-06,1.583141026664605228e-06,1.238125043682970872e-06,9.058481023857057423e-07,1.142787184847899442e-06,1.484361730247890347e-06,1.012316931471117329e-06,1.097359522770930836e-06,1.435041197796050741e-06,1.129650441610684992e-06,1.604440980373854555e-06,1.214775526450462020e-06,9.444123256103209487e-07,1.185989092704122802e-06,1.706351763588994649e-06,1.179751612585837775e-06,1.718420012737193204e-06,1.549167162804381050e-06,1.166591067547132752e-06
1.256356284456983144e-06,1.319842965530823637e-06,1.156059566768407012e-06,1.024011252280115924e-06,1.021779785012951924e-06,8.841226705905928779e-07,1.068931338041763820e-06,1.231656106199902967e-06,8.684793952601938383e-07,8.764271331754486306e-07,1.064858127645366052e-06,1.098499642784501502e-06,1.364712972632971499e-06,1.027740436673437631e-06,1.712362707797713013e-06,1.182303319910876323e-06,1.070056296489830258e-06,1.238157028806796589e-06,1.252289310527370585e-06,1.769875786494124323e-06,9.244147832318353958e-07,8.382506142613769859e-07,1.044075159562377233e-06,1.654327860477229199e-06,1.581997403544117508e-06,1.894383632597771208e-06,1.161341824759119074e-06,1.072690918956184578e-06,1.244312155240303709e-06,9.005761513554288903e-07,8.924791217046371759e-07,8.458643676701400070e-07,7.328845657334012785e-07,9.813284197676330273e-07,9.056128581173245572e-07,1.704669789278750873e-06,1.542110584283154310e-06,1.579847136312347835e-06,2.037567075807891003e-06,1.228024788469676022e-06,1.763492616783339283e-06,3.449198575467239852e-06,4.495897225803232884e-06,2.863406689192744884e-06,3.611234067314866559e-06,5.928025505612768533e-06,4.035203446628791449e-06,4.651577695443077584e-06,5.366293345908165515e-06,1.508338593590775990e-05,9.293661660703522590e-06,1.334792343894171030e-05,1.845266862632476669e-05,1.413277415355771547e-05,1.190977649575708637e-05,1.494812040333158341e-05,7.185499138513325800e-06,6.759630204290311568e-06,7.552181041420852162e-06,9.479389528531514397e-06,3.302335155572831299e-06,5.989035134530169287e-06,3.351532847942415897e-06,2.217878771919310421e-06,1.776728873356398526e-06,1.722017626899366006e-06,2.620934368690362683e-06,3.009807424424896081e-06,3.456569790433602909e-06,2.720785083476766527e-06,1.898326236874678180e-06,1.780635867879665029e-06,1.694446977364917757e-06,2.284154373007297252e-06,2.451013657160305015e-06,2.705545328704425074e-06,2.496234688561662430e-06,2.323680133120378329e-06,1.994874420903195164e-06,1.916431543425892561e-06,1.594635450981475925e-06,1.665111583556766122e-06,1.344414231728863435e-06,1.162759482624820939e-06,1.065197392482811161e-06,9.751844933754579094e-07,9.484418908441183217e-07,1.035068984185282935e-06,1.307120456350585277e-06,1.981267589352032870e-06,1.678298820255992674e-06,1.365860927088465342e-06,1.272926148391864236e-06,1.134551553226146812e-06,1.379410617147356578e-06,1.532806086490305460e-06,1.277149551231125523e-06,1.366865040407288186e-06,1.307984199977436609e-06,1.186454993534852066e-06
1.928857496453186606e-06,1.267515449755939178e-06,9.563981842279759974e-07,1.143967814392939117e-06,1.063346170534778942e-06,9.077673248780799497e-07,1.108159557516736234e-06,1.165800873753127712e-06,8.037182611816040670e-07,6.949977238069624805e-07,1.313052396094542302e-06,9.480037064897331308e-07,1.114649436106588996e-06,9.712013455034285495e-07,1.159323639967095367e-06,1.372320218303295439e-06,1.064394338009296534e-06,1.284224073017780174e-06,1.049004199829060094e-06,1.675997180535135366e-06,1.305200216956097919e-06,8.437521529206135803e-07,1.092596937227330656e-06,1.320956903885078047e-06,1.136131797365060245e-06,1.469281249766376263e-06,1.135699293535190424e-06,1.279355273769597243e-06,1.155127445965308489e-06,7.936568346024644964e-07,8.925720195835090029e-07,1.080921814349722364e-06,7.277974163557026874e-07,8.064465320691095684e-07,1.042155409996560393e-06,2.225386154637656854e-06,1.574974289175345741e-06,1.593731714762770045e-06,1.646267374437191437e-06,9.409211127438718463e-07,1.579818017135970521e-06,3.028094981020478049e-06,4.495570822983110516e-06,3.669330841833613962e-06,3.393263049877630194e-06,6.365857315909226093e-06,3.750768939268828595e-06,3.750363652940885878e-06,4.791968876439653504e-06,8.942548173824453251e-06,9.393262590705579666e-06,1.232638072078069395e-05,2.834427637689812481e-05,9.497886634951797108e-06,7.025787746390187367e-06,8.311205043398669522e-06,4.185759091590809457e-06,7.060105047219499013e-06,6.019228328233134129e-06,9.766398336133327323e-06,4.838951629910943637e-06,3.314856229302739055e-06,4.891904814372693236e-06,2.530929312246478340e-06,1.559730163450310363e-06,1.617814450923330394e-06,2.179399091886822352e-06,2.366891807961093323e-06,3.100785940413352770e-06,2.187058977647371128e-06,1.919123072316199750e-06,1.934623827987970555e-06,1.104166444908261556e-06,1.386216392752736709e-06,1.816421800477463976e-06,2.937707785111751199e-06,2.134695125343470664e-06,1.837195727542687681e-06,2.001010604900694513e-06,1.854408709201078762e-06,1.583748886136170564e-06,1.500964691300774449e-06,1.175573241358084702e-06,1.433418104651661342e-06,1.254369487792839535e-06,9.348607320105860092e-07,1.134615206935252493e-06,1.084251993238728998e-06,1.236063165981891615e-06,1.966666279000528465e-06,1.878163626465351062e-06,1.331436346374712761e-06,1.464206489089657408e-06,1.506237680934336178e-06,1.500484247004361373e-06,1.152708712344504012e-06,1.185986969802326983e-06,1.186465524540628386e-06,1.007786689746420263e-06,1.356186298264455850e-06
2.009558016357563053e-06,9.989790555160108063e-07,1.046568714926133623e-06,1.134679732054107274e-06,1.466729118677763189e-06,1.140912281605863747e-06,1.215512942247501321e-06,1.201106366804327279e-06,1.045274596689808106e-06,8.573395454208047142e-07,1.259135157175036280e-06,1.058919581273938420e-06,1.476058087122457081e-06,1.131635203387130694e-06,9.204275334793832083e-07,1.232361370565567603e-06,1.297524814233384133e-06,1.522688193629558821e-06,1.571659529549640068e-06,9.447818748512708007e-07,1.146598772982648589e-06,8.245570285893850978e-07,1.136526697906664288e-06,1.402189067470483751e-06,1.318157984342704010e-06,1.412143645399069864e-06,1.098248374568698829e-06,1.466067492902492912e-06,9.777409350344099947e-07,6.288770832231637575e-07,8.296121406489447196e-07,8.819296081777128236e-07,7.802653039650945102e-07,1.005392580981610303e-06,1.317603223122559564e-06,2.367498668449236658e-06,1.502182320901920914e-06,1.743335475188566199e-06,1.748697168123963039e-06,1.117009515783766318e-06,1.098960781235149385e-06,2.093540841782590864e-06,3.163795392838072087e-06,2.589484392581088393e-06,2.493056679713048834e-06,6.067428300705530465e-06,3.825958371271377666e-06,3.941015428053629573e-06,3.660386697381042912e-06,5.930506295447235809e-06,7.041203713811459941e-06,6.155540133670540478e-06,5.456063891428279062e-06,8.017548098364582978e-06,6.736306559126993914e-06,1.059169960334713792e-05,8.946126686549384107e-06,3.783477608334883740e-06,4.258446227704824418e-06,6.796763413365345674e-06,8.541480663504182102e-06,1.477067625214650211e-06,5.934411812471469081e-06,3.620970472588954895e-06,1.950920463513521812e-06,2.037044845566299210e-06,1.473839004596949442e-06,1.924759308756906487e-06,2.191502498113960725e-06,1.617119580049664535e-06,1.712426033659109369e-06,2.111878712156584544e-06,1.223110779807567795e-06,1.439504831466120531e-06,1.927257915430984837e-06,2.474011009246259547e-06,1.590467271607749978e-06,1.740562314992277703e-06,2.084609808267921519e-06,2.042242900505390983e-06,1.804181633831224342e-06,1.309157353481667282e-06,1.148045804029357089e-06,1.532412625191533090e-06,1.314529170812417900e-06,1.132370207972201313e-06,1.847871689589558041e-06,1.342873373470480387e-06,1.153589634933950536e-06,1.285293782450775368e-06,1.557375499458672223e-06,1.271555145826597275e-06,1.422494135470188987e-06,1.518616671671777354e-06,1.742937064282532133e-06,1.204664313158843788e-06,1.257869432000311421e-06,1.083505672430173427e-06,1.159652742812031619e-06,1.070989180592805882e-06
1.960334794449345795e-06,1.253049734869666834e-06,1.142433590324615364e-06,1.173950837908265984e-06,1.431698510658580488e-06,1.060766513227196940e-06,1.483682065338409708e-06,1.276411149878213783e-06,1.082278875428276292e-06,1.061499234204297673e-06,1.022544606298802706e-06,1.310166345485107377e-06,1.124088405821567683e-06,8.439920940733385493e-07,8.440856018398059171e-07,1.105337855269542637e-06,1.379207994729244813e-06,1.550678215801443830e-06,1.556963817081160383e-06,8.292330524781425562e-07,9.934084145558682472e-07,1.384721876084659464e-06,1.342039123350527182e-06,1.488325177041098847e-06,1.345694781038788716e-06,1.570329593214294584e-06,1.595433901764407903e-06,9.947180196348124587e-07,1.129879352241312734e-06,7.935356094058282060e-07,1.017153069296198622e-06,8.030209915633730432e-07,7.061779967804735459e-07,1.008245518194390554e-06,1.454568313707240697e-06,1.736730776191091133e-06,1.474504123899036379e-06,1.979798925722755742e-06,2.077595672323552390e-06,9.530544263807876738e-07,1.619244745225580219e-06,1.699840521704742361e-06,2.613431900696418135e-06,2.100696285703399063e-06,2.508143859864051249e-06,4.967274576481400970e-06,3.725137613555352163e-06,4.402830279339763390e-06,3.117160316916464267e-06,6.276481918945802720e-06,8.119885789541394637e-06,3.728592829316661047e-06,1.341113117339955276e-05,7.623095697039961185e-06,7.869746221688672587e-06,8.093582095322804951e-06,1.852770297338708576e-05,3.869049375889389461e-06,5.387013296273867139e-06,3.906960499722679190e-06,5.826330268021170444e-06,3.823865140679536524e-06,1.649439078543722224e-06,5.502129802500995125e-06,2.505824627094854009e-06,1.677480929415409301e-06,1.568256934960588233e-06,1.725852436135425012e-06,1.693294563219253234e-06,1.182821315152954938e-06,1.886043917366372442e-06,2.052453794096288307e-06,1.437782421124190589e-06,1.715717188006001259e-06,1.558015729704811817e-06,1.577909879306666489e-06,1.645721916180148513e-06,1.304019841333991449e-06,1.742640011867883119e-06,1.955665710663119745e-06,1.741862441170706172e-06,1.476013320441703720e-06,1.240661035385557793e-06,1.537845299727800159e-06,1.894997275420306460e-06,1.246831474325333392e-06,1.448291136026669890e-06,1.324347141887681611e-06,1.080800446975586946e-06,1.296837701612443449e-06,1.147217453054428958e-06,1.225512109516829799e-06,1.404770075084084172e-06,1.490821087164210814e-06,1.572759172672455986e-06,1.296298673304660530e-06,1.113619685843666373e-06,1.129586561665197007e-06,1.188818437250904733e-06,1.192559625381362181e-06
1.877723758034981225e-06,1.846262279371531598e-06,1.265815965999026249e-06,1.287557929333822806e-06,1.151935581988360965e-06,9.881701833959955948e-07,1.238294527864618003e-06,1.339312724113749141e-06,1.058661106607726731e-06,1.130995680372658977e-06,1.058893781264024754e-06,1.161686218037141561e-06,1.068623887607346725e-06,1.276448547885910061e-06,1.084140453213646929e-06,9.438021518440234804e-07,1.749508175662562563e-06,1.576585248962425865e-06,1.116893185578576870e-06,8.532807591660357443e-07,1.124866257105622165e-06,1.464021958002101183e-06,1.651238791771406209e-06,1.562015360162076006e-06,1.681649612567444837e-06,1.209573398095682631e-06,1.584480027211139800e-06,9.292156105618300871e-07,1.052094830406449121e-06,1.046913121211226447e-06,9.745200479520787232e-07,1.010439507795630064e-06,8.162056502510600072e-07,1.026035011990043504e-06,1.562560833640142597e-06,1.406136894553911451e-06,1.685662017062366380e-06,2.002477191046062760e-06,1.405731629966791344e-06,1.025585477711109059e-06,1.818887018852911554e-06,2.041661206371882999e-06,3.348126550628011121e-06,2.327915235581061719e-06,2.284153894365703000e-06,4.950164487945870768e-06,3.341415458279391548e-06,4.411863787833599945e-06,3.252185786227833513e-06,4.186795865715335436e-06,5.828058745386632322e-06,5.456063861871868202e-06,5.936558856040622729e-06,5.635063430377452450e-06,8.065998282391133404e-06,1.822465936240206700e-06,2.748858158127376498e-06,3.205625298137292535e-06,4.774307884722557625e-06,3.185229701774514720e-06,6.441903173555528751e-06,5.545933214624771624e-06,2.389839616236682288e-06,2.488098153034020147e-06,4.265949097259163078e-06,1.607838574398497706e-06,1.573765448451544471e-06,1.721124378274524697e-06,1.234960665431932347e-06,1.537705906427192327e-06,2.024421882877018353e-06,2.101942136664957398e-06,1.926104550329049281e-06,1.347574250008353016e-06,1.637607492163953463e-06,1.459204931783254050e-06,1.143192257189272784e-06,1.500112677258850278e-06,1.499864268243084065e-06,1.399002806662430251e-06,1.523526501502616431e-06,1.804947914312252161e-06,1.412964168521219288e-06,1.708903637757823670e-06,1.718937355350855287e-06,1.188661358239642939e-06,1.150036120857969996e-06,1.267695202312884563e-06,1.120949464888370276e-06,1.421980361875882801e-06,1.431553827957863704e-06,1.298575418012072046e-06,1.269327660433316043e-06,1.511723948348904003e-06,1.531664804329288401e-06,1.153258061143149255e-06,1.353290208298941515e-06,1.248678649685870905e-06,1.442515740170503372e-06,1.215062319865490666e-06
1.110053765400547974e-06,1.404451269755186204e-06,1.456865389854343792e-06,1.381185089361596481e-06,1.292971861199264545e-06,1.056802379906117983e-06,1.045249825111070974e-06,1.309894128230207916e-06,1.115113269552755792e-06,1.268961117861655202e-06,1.408928164417140924e-06,1.209233784637028437e-06,1.280559525294284972e-06,1.117847271167929967e-06,1.750195451993605333e-06,1.085720578930790678e-06,1.723625957808279424e-06,1.357814561733943178e-06,1.069123245494720604e-06,1.167562980362218623e-06,1.015688336985190066e-06,1.015671727435519890e-06,1.369035559211631466e-06,1.573670256314919608e-06,1.399737802173829405e-06,1.010272251099979871e-06,1.284804257904644159e-06,1.039542788564306007e-06,1.115284922282177676e-06,9.801672407803800456e-07,1.088144881131026335e-06,1.351005803728532238e-06,1.244279861286885818e-06,1.088197266218659701e-06,1.761216816137175485e-06,1.548465298015730869e-06,1.816555676112206289e-06,1.764635518045956512e-06,1.420493518569996832e-06,1.226513516980465980e-06,1.860872211773740602e-06,2.674750109733284857e-06,3.489675628440145763e-06,2.405289859309046567e-06,2.465758178087882931e-06,5.032421801645451893e-06,2.403236675266441705e-06,3.413362129011249399e-06,3.369519115603296337e-06,4.010038732188850270e-06,3.131032910499679897e-06,6.609205154215570762e-06,4.318798846681329900e-06,8.126234759388732007e-06,2.289908894247423572e-06,4.513425808635190302e-06,7.134766043148812282e-06,1.534830779302405899e-05,6.481182158668205404e-06,4.398414065129860089e-06,2.379862087838717284e-06,4.387645378541547339e-06,4.368284359148333972e-06,1.096585605009031270e-06,3.038422839813896113e-06,3.981067742292352543e-06,2.126633898797486215e-06,1.516327027887804761e-06,1.497849086015971920e-06,1.432556991532038972e-06,1.693620279691655289e-06,1.822359859228626566e-06,1.975255024702272339e-06,1.819262976980627879e-06,2.065484653914644475e-06,1.380763671516633995e-06,1.958370153231990683e-06,2.255066286748844580e-06,1.539178209561539285e-06,1.216289100714791793e-06,1.096321978202476755e-06,1.167504845440154680e-06,1.079362173803942574e-06,1.455096965789589028e-06,1.486695985979344826e-06,1.271283240999926827e-06,1.474060379065641616e-06,1.226300167834833224e-06,1.322121075525937492e-06,1.348223080354429013e-06,1.789320823963590403e-06,1.585116079731709266e-06,1.793578561465484963e-06,1.620911705253207177e-06,1.617968996713204904e-06,1.589534776973437507e-06,1.505074926141566408e-06,1.476315853812074381e-06,1.466057350162006813e-06,1.168304692966449319e-06
1.104599194835087261e-06,1.232036544840657777e-06,1.407736523037748782e-06,1.504298212422816417e-06,1.486306284366571077e-06,1.292719071210283939e-06,1.111738437651250886e-06,1.251220006233257123e-06,1.214534613978441283e-06,1.124060419415820603e-06,1.257109179053768114e-06,9.245074948661565954e-07,1.375019356053053148e-06,1.156888769375126024e-06,1.742538555308802204e-06,1.564979685127508684e-06,1.694120757350954786e-06,1.530757581934983757e-06,1.084158882949421293e-06,1.389888812560869740e-06,1.064007199645407620e-06,9.601090932180692457e-07,1.127209975950317453e-06,1.417732776329477064e-06,9.688194297566903280e-07,9.062150924135646917e-07,1.008135719535279091e-06,1.100620975712827626e-06,1.058639526224537989e-06,8.969176146956932406e-07,1.012531688625595463e-06,1.331287628542313774e-06,8.739890085683213694e-07,1.132758003198287020e-06,1.560855451765990348e-06,1.224803433469037051e-06,1.664701892951269885e-06,2.248013045898779148e-06,1.042396520591147304e-06,1.277525291799250756e-06,1.493903580897483573e-06,2.892541760898901133e-06,3.706838928571009468e-06,2.650871257164402451e-06,1.698051488012905698e-06,5.016924463611229666e-06,2.700424214135089020e-06,3.007177788559532265e-06,3.176242149808159302e-06,3.397149904485817254e-06,2.978098401925216565e-06,4.655141311505494173e-06,4.672649138950915720e-06,2.217318977179734261e-05,7.238102967800631276e-06,7.093309739697507267e-06,6.303054578159503114e-06,3.701536467009456580e-06,3.387264395812405254e-06,2.087660649329279631e-06,2.955942410147940066e-06,6.163943557854381702e-06,3.947179592683496045e-06,2.118007880100040610e-06,1.147066060139375369e-06,4.036684205610514263e-06,2.618270049811856593e-06,1.728757211368833480e-06,1.711377370739316725e-06,1.086356169478273787e-06,1.177494877523149466e-06,1.600597706627602408e-06,1.667202217102112146e-06,1.761471238983250510e-06,2.158563032496435119e-06,1.745684798734898053e-06,1.658360332492642377e-06,2.452129053803176156e-06,2.012603643626663127e-06,1.385229712467063163e-06,1.388124002880299879e-06,1.412378807520387514e-06,1.101201273100235126e-06,1.227614086142196468e-06,1.278961974762001506e-06,1.612846518978680517e-06,1.784177753739712266e-06,1.460193939954428410e-06,1.536176808076083620e-06,1.427513220018403256e-06,1.849916354325474415e-06,1.642857264093365010e-06,1.620840106464254749e-06,1.555992406830543325e-06,1.795622907539967825e-06,1.813415209482895898e-06,1.546372196723011728e-06,1.609433161732351580e-06,1.317060878266924670e-06,1.432312322065467227e-06
1.411645168413153991e-06,1.398802586430690541e-06,1.361061304666112009e-06,1.097105960786214358e-06,1.261125768920114068e-06,1.511553094790569896e-06,1.385603137795913202e-06,1.157890421821781247e-06,1.201922064191263932e-06,1.317222446146221992e-06,1.229876233139197099e-06,1.160551460574963690e-06,1.112194566681783915e-06,8.460987001809146788e-07,1.663678611033007467e-06,1.054320264953283104e-06,1.271728227552801277e-06,1.244130665921020681e-06,1.020165991549366060e-06,1.171380318801756164e-06,1.252340939406145543e-06,1.100358374195194367e-06,1.268402596427710447e-06,1.596271114859161086e-06,1.284757563013466208e-06,7.346505794822207405e-07,1.097162961927667155e-06,1.175131763205493056e-06,8.936590951879159228e-07,1.080194767220642574e-06,1.055576101686498946e-06,1.431691864578697690e-06,9.549412848671315557e-07,1.044985582345115902e-06,1.525723561068019373e-06,1.666818430292554607e-06,1.261222812566518766e-06,1.721538115924652122e-06,1.064532026495065619e-06,1.046695934403915010e-06,1.622128919275532277e-06,2.534331671588205761e-06,3.334694678188647777e-06,2.187096548164748293e-06,2.114952110918871717e-06,3.735975622678651877e-06,2.612623914825441139e-06,3.687574526871931678e-06,2.971947376358234153e-06,3.128040425252887990e-06,4.613880685225857222e-06,7.084024593378722850e-06,4.623773960221134973e-06,6.461677953986785199e-06,3.585807984212852383e-06,2.419829832642936451e-06,2.774371745582007731e-06,4.222198988388349496e-06,6.341156795207370215e-06,3.203927034787458537e-06,3.070055490456593694e-06,1.794263520032852740e-06,3.930860769114841805e-06,3.120856346020899997e-06,1.444683085772775538e-06,1.687498677904755392e-06,3.269721976335176761e-06,1.728836214265847583e-06,1.715395905012541371e-06,1.312975096440524518e-06,1.402368776312753718e-06,1.373560707374864962e-06,1.573190561226530694e-06,1.801876144673256012e-06,1.687516874138221962e-06,1.852494590788778588e-06,1.509712991201350036e-06,1.252407351141981518e-06,1.473862027202085741e-06,1.865170340586201997e-06,2.198174412535291695e-06,1.267054265092942722e-06,1.370835397412971380e-06,1.320544039722952446e-06,1.073834625075084729e-06,1.078520407954865264e-06,1.417883214908911351e-06,1.287897967068737487e-06,1.855922553068155508e-06,1.484036847598934923e-06,1.581693104163379322e-06,1.864604214253367189e-06,1.683291239112921908e-06,1.610619715152833467e-06,1.992171307820218380e-06,1.677573511339423450e-06,1.595975199843606887e-06,1.389895613464370666e-06,1.551586296627407623e-06,1.046923621474834507e-06
1.536590936381712199e-06,1.507527173692534947e-06,1.318367080825102802e-06,1.144361633731204850e-06,1.243564062040478981e-06,1.404711708713334923e-06,1.226209645413737216e-06,1.310002244254316605e-06,1.133385778773684656e-06,1.219019282996943971e-06,1.309369653376436308e-06,1.339709578811169230e-06,1.206353075268410907e-06,9.542213982507050431e-07,1.568252091652337811e-06,1.007798045314042032e-06,1.687171439690296242e-06,1.583805340040585877e-06,1.307881714531434142e-06,1.494803916383908243e-06,1.145505726655519115e-06,1.264669391498219455e-06,1.104143459020824451e-06,1.216375977330258684e-06,1.539330356565730792e-06,8.113705491570533270e-07,1.038047926745596783e-06,1.380236478953112507e-06,9.390818996325165813e-07,9.829083558656410633e-07,9.973706231614730937e-07,1.180606632752190132e-06,1.085178753821221428e-06,1.335651242054269750e-06,1.871529161604013482e-06,1.485732321861854600e-06,1.499782388562323661e-06,1.816035714921153007e-06,8.787118971123002741e-07,8.492473266284115192e-07,1.713320343002116489e-06,2.714626736644422052e-06,3.321947685561458738e-06,1.735378241826117259e-06,2.009675069569132541e-06,4.052648570749651862e-06,2.252600824778307088e-06,4.221372042425858470e-06,3.239950723767420718e-06,3.097917991141273827e-06,5.953191308338256936e-06,5.550082016756655808e-06,2.734513159061721402e-06,4.976866533151137134e-06,4.954672425668659241e-06,4.594597757045239432e-06,4.644036782118241292e-06,5.498692440747362656e-06,5.577105529458433267e-06,2.777853277604267307e-06,1.938984262000099809e-06,2.836995125848700441e-06,3.090513484540035269e-06,2.633950480977659449e-06,2.957474630406876656e-06,1.593159359817141906e-06,2.095899213599335656e-06,3.233197417298695654e-06,1.857576367158257245e-06,1.977528066375609639e-06,1.394585510272055668e-06,1.580054362312260984e-06,1.481470807732784303e-06,1.341609306387503046e-06,1.629010262017067870e-06,1.814869971919821664e-06,2.096704838148844178e-06,1.438658172231371899e-06,1.379154258670913356e-06,1.367053158260807291e-06,1.775547292308793072e-06,1.374761689507627900e-06,1.709378086441938821e-06,1.752848212431806546e-06,1.067582207407195730e-06,7.969668059400404731e-07,1.147446966190807009e-06,1.646365914783587260e-06,1.408049289300262460e-06,1.206303981904346304e-06,1.440334587090765507e-06,1.867150623573106327e-06,1.821461491720700963e-06,1.755708898010918747e-06,2.427166197610125790e-06,1.812076242706803239e-06,1.735346688279890273e-06,1.584539834592935881e-06,1.466259426954775787e-06,1.046028250138743582e-06
1.844791032161418197e-06,1.453617294463891775e-06,1.778058022053883736e-06,1.166059409356797357e-06,1.289272805142102708e-06,1.390455402998499665e-06,1.120675471882788520e-06,1.119763394517559623e-06,1.071233538138862489e-06,1.352988854831922958e-06,1.203318362845840634e-06,1.156680873269873851e-06,1.059290688928246955e-06,1.046856881947472692e-06,1.645598606527090383e-06,1.053919402819725510e-06,1.472509014925407389e-06,1.667733795238827525e-06,1.225204896873689615e-06,1.403575532293063412e-06,9.384084000670895255e-07,1.219807070970034388e-06,1.398406207158022670e-06,1.177711708747398027e-06,1.686682377370811549e-06,8.786242671114789416e-07,1.092934353006603199e-06,1.583719259237019150e-06,1.558087490007160709e-06,9.938300446732860024e-07,1.099561510476088161e-06,1.494426590256639906e-06,1.075713033181168574e-06,1.595420488857427522e-06,1.440204239863722054e-06,1.253431609660603889e-06,1.744115990601735106e-06,1.303587572668283289e-06,1.011705286987283072e-06,7.439902694627139324e-07,1.361203101197847109e-06,2.413724622407324620e-06,3.366459944084928016e-06,2.214393273585352686e-06,1.288926497560682805e-06,4.318889837660171273e-06,2.312657292700876123e-06,3.867115601941398293e-06,4.661181754195310587e-06,2.955196226331716909e-06,4.991439019859931944e-06,2.984277675038226142e-06,3.737204877176777672e-06,1.432120414143541123e-06,4.370064620459549971e-06,3.922532033323656982e-06,5.019030648823461647e-06,3.866217631364438086e-06,1.620948755273527217e-06,3.422301325286275406e-06,3.430450970715045561e-06,2.525421807766687222e-06,2.367232262525261544e-06,3.989841590617476638e-06,2.231225858839603104e-06,1.947403348147773424e-06,1.769630734377971155e-06,2.345151052961463615e-06,3.209073999869476914e-06,1.149891884023677734e-06,1.941427715224695405e-06,1.043738456220256530e-06,1.204863010004842028e-06,1.373883075599305247e-06,1.622389731418121127e-06,1.565272905430234017e-06,2.443533683835518683e-06,1.786878502949652831e-06,1.603640416447359451e-06,1.514281557841848855e-06,1.550789433431302969e-06,1.377442680750045516e-06,1.676164461966804125e-06,1.606758429942510172e-06,1.312153544757149992e-06,1.098265558747311686e-06,9.972027346066461884e-07,1.515709730584201044e-06,1.313298565189907298e-06,8.491004522811153045e-07,1.578530200672483251e-06,1.869543753030289322e-06,1.823654386240932305e-06,2.005880399220944604e-06,1.747795849425745968e-06,2.021002327581736592e-06,2.152565966118532033e-06,1.485433249547387857e-06,1.248802525004275571e-06,8.886448084017239761e-07
1.715882193524006607e-06,1.181588187220614888e-06,1.479628977882484628e-06,1.293764264580306900e-06,1.346928390565802803e-06,1.227510030281234699e-06,1.055513572186664879e-06,1.168012007650473991e-06,1.047346316138345251e-06,1.253374833604720341e-06,1.179199819977589262e-06,9.895562588310364718e-07,1.436196469685834013e-06,1.076721890251669367e-06,1.391806076938819529e-06,1.368450839148047146e-06,1.346741664436700226e-06,1.380343164299771128e-06,1.583775652461766749e-06,1.464047932078004640e-06,1.154945175740852731e-06,1.450660116409014520e-06,1.831469643365902831e-06,1.190781611185855751e-06,9.837721186747609322e-07,1.063866032655177141e-06,1.010073104116712804e-06,1.502751055662025753e-06,1.223322111867471911e-06,1.262579386962433950e-06,1.116256624733593637e-06,1.303419799380322472e-06,1.530576933075395756e-06,1.558116513131309836e-06,1.395697942818741183e-06,1.126358843333701991e-06,1.301540853962889496e-06,1.544443157190826513e-06,1.173830645475221463e-06,1.121431333992602781e-06,1.135770903321515712e-06,1.939353566532752731e-06,3.059277133978406101e-06,2.327453689456559005e-06,1.337503276278118746e-06,3.326770727057031860e-06,2.893240102062248542e-06,2.634167592072057817e-06,4.381066894978357621e-06,2.970940504938592737e-06,2.685369975263133941e-06,2.170397990816756304e-06,6.392192712302927150e-06,2.583823032311082430e-06,4.786761057480147547e-06,3.628356548124694041e-06,2.948984604930946495e-06,3.100471065380542860e-06,2.666103438402683019e-06,7.106312872215239695e-06,5.580767635663090863e-06,3.030380105642355448e-06,2.449981623178322230e-06,2.843164871950216268e-06,3.425582730868448167e-06,2.005553227051732711e-06,1.765024968285204868e-06,1.444130571350538135e-06,1.859262923072401203e-06,2.171174938885639437e-06,1.819050911985223404e-06,1.460848323343701737e-06,8.594986082475996087e-07,8.263561816956638313e-07,1.268598550118558194e-06,9.189090377674298116e-07,1.565874000549748348e-06,1.662991451233283687e-06,1.572696544249980762e-06,1.465001456942174590e-06,1.301838444830757510e-06,1.846301922064539033e-06,1.477079622293727303e-06,1.466430257740640330e-06,1.585346641867200361e-06,1.524566521987000674e-06,1.653434544302150280e-06,1.405869601635369483e-06,1.136546406537383783e-06,9.802159539441007085e-07,1.666774545675282365e-06,1.939334476577180029e-06,1.715134682924874345e-06,1.833046237190556765e-06,1.464588573993818965e-06,1.534968471265735410e-06,1.670261425034194359e-06,1.040235814025683851e-06,1.035484022221319052e-06,1.188933964273588385e-06
1.364644359819873794e-06,1.348912450236741652e-06,1.145199706725028707e-06,1.255402462690449288e-06,1.414203914527413490e-06,1.158537019326637857e-06,1.183385164158496320e-06,1.345595005801177831e-06,9.237718558940971932e-07,9.343526393126091986e-07,1.025857543645423260e-06,1.020722293978987237e-06,1.069602402310831155e-06,9.296150482722347136e-07,1.320028412544920441e-06,1.207554080013891513e-06,1.417988582157178714e-06,1.745126025109855611e-06,1.273596286255403776e-06,1.292530411368961625e-06,1.318005765412816513e-06,1.158585628409239068e-06,1.354289250479873670e-06,9.324551512488913267e-07,1.119556892477139750e-06,1.378257728569280016e-06,8.813522648251985500e-07,1.329497461477670613e-06,1.151990593414191502e-06,1.267225214802535662e-06,1.202728591791257517e-06,1.134938627282475502e-06,1.673798366417975364e-06,1.209456323456940269e-06,1.044780410910497758e-06,1.104444219770542444e-06,1.404632844049509280e-06,1.417646006777963773e-06,1.142650366676521015e-06,1.704549874254267028e-06,1.314131224886038201e-06,1.829638553539844600e-06,2.455402202872554868e-06,2.008589339396810477e-06,1.325543491685669737e-06,3.075784082323062934e-06,2.312192211382787193e-06,2.456043536480810448e-06,2.726991771108754168e-06,2.381224526430014901e-06,2.162669491398624752e-06,1.777739955175274759e-06,3.932427722885966192e-06,4.329157176651863501e-06,1.252749629200851397e-05,3.101760599321468914e-06,4.836124332197712651e-06,3.196280065320830883e-06,4.020900765803885971e-06,1.813709773997039177e-06,1.807823994419474519e-06,3.038730368471903507e-06,2.533903405042519322e-06,2.665173866283566491e-06,1.969716200383516049e-06,2.117308766442321315e-06,2.169155890159192427e-06,1.657065228544069646e-06,1.760911882562306906e-06,1.361503864131653110e-06,2.821346199563076981e-06,1.869677306027639021e-06,1.322806174909685237e-06,1.044592515680745957e-06,1.377942984423748813e-06,1.081793933491929287e-06,1.230640689329574192e-06,1.458646930395522547e-06,1.465850113263571030e-06,1.530496552761563709e-06,1.478770266867366885e-06,2.371761506439242713e-06,2.068974046140933249e-06,1.768034845199021121e-06,1.465640123268332583e-06,1.327698001579075622e-06,1.660610401130310054e-06,1.508255288400431478e-06,1.821204966649125013e-06,1.721472569856137781e-06,1.916911566666451075e-06,1.710678372139142195e-06,1.306245456535514367e-06,1.341725089855322711e-06,1.200784683247636041e-06,1.477538721736185769e-06,1.545989072936584510e-06,1.587208755031752638e-06,1.361563421932000509e-06,1.650005585044206135e-06
1.317602990418076762e-06,1.259347723107787864e-06,1.011784495795829566e-06,1.288712205710530367e-06,1.581958650498466170e-06,1.417483171450167544e-06,1.414777947702760086e-06,1.437252702282136871e-06,1.129399722535596283e-06,9.294793740540495838e-07,1.073142405816946048e-06,1.352911504865076455e-06,1.020886347446176896e-06,9.583417268324747321e-07,1.540415430916220469e-06,1.443051268917783957e-06,1.219984999508004064e-06,1.561504110034489997e-06,1.098892322099816977e-06,1.066580043979798171e-06,1.277844509519851712e-06,1.691604261699203389e-06,1.237450639953817327e-06,9.966088496799410165e-07,1.012480963086405960e-06,1.145493428885645331e-06,1.151541611385932742e-06,1.052022056188956335e-06,1.242844813939263420e-06,1.447383174233225500e-06,1.818328161918906026e-06,1.042266569060857964e-06,1.673055011788913446e-06,1.287551101539151223e-06,1.029967978105297605e-06,8.898497611203382064e-07,1.673900619932095380e-06,1.069505888306294167e-06,1.224364094370628862e-06,1.644589421378435212e-06,1.454395142010008495e-06,1.671653448211383349e-06,2.197726083169158414e-06,1.996398801841647778e-06,1.671895801077195562e-06,3.150180367542851521e-06,1.782857288874396109e-06,2.478443303288828409e-06,2.213129146879413420e-06,2.008516094029034232e-06,2.135011929323870102e-06,1.620315760317928911e-06,3.450946411070342459e-06,4.455246774237120711e-06,2.167558931729290287e-06,2.703258355061478752e-06,2.183865753727025034e-06,3.682331249796570586e-06,4.084734131989286492e-06,2.404546009043813570e-06,4.458775681152487705e-06,7.379600064185101110e-06,3.105857340976269031e-06,1.156965409045036833e-06,2.185972492705799169e-06,2.735714368028674123e-06,1.680979823672089570e-06,2.336903044409925458e-06,1.742611722760941588e-06,1.788523717152098597e-06,1.517017996988742933e-06,2.991713956761666317e-06,1.284543476142703766e-06,1.591276732788799852e-06,1.277872513042183727e-06,1.259315768308844072e-06,1.524533036222822348e-06,1.409453151611085785e-06,1.335279614149757231e-06,1.254230405597821099e-06,1.944014060548383648e-06,2.334217265723123334e-06,1.865080595196555435e-06,1.488842572516013208e-06,1.364234667626698154e-06,1.761457388800803583e-06,1.289359089269794847e-06,1.655289028693357946e-06,1.533047467159131130e-06,1.810213228376258776e-06,1.657219039432220287e-06,1.686929672111652872e-06,1.671748977673171725e-06,1.647413185948137730e-06,1.385521246249177295e-06,1.527453726358313624e-06,1.353163812853827461e-06,1.594884956026552607e-06,1.061747578850796464e-06,1.236447836395623066e-06
1.467863940513333956e-06,1.552275881496898552e-06,1.253871637399522253e-06,1.308905760453471805e-06,1.573247397652996668e-06,1.306355165450490016e-06,1.427528497032656746e-06,1.522021873274941426e-06,1.217894263216366163e-06,1.113058177556613507e-06,1.049527495084667052e-06,1.849950210179787705e-06,1.301811574185899830e-06,1.183153949506576400e-06,1.302382520949140151e-06,1.416874172875635186e-06,1.307695131503915580e-06,8.101948112361558686e-07,9.254796978411713855e-07,1.055189190449718420e-06,1.377971066145579816e-06,1.286073375001409398e-06,1.285742774240144192e-06,1.275658780319163177e-06,9.880312279386003764e-07,9.646836730906234356e-07,1.174632421847311116e-06,9.110096478787249956e-07,1.395868163748985573e-06,1.321089593715079176e-06,1.640993397386994232e-06,1.290806600013685727e-06,1.046110307048147514e-06,1.321542215292685566e-06,1.056283520499573140e-06,2.301826026751189789e-06,1.291584451574307054e-06,9.227276947645207720e-07,1.403215230234978529e-06,1.599539635252978236e-06,1.120832495834627259e-06,1.444096617077259970e-06,2.025537774339713935e-06,2.047341202249844683e-06,2.154830019146235417e-06,3.457830746368406069e-06,2.194920038145168314e-06,1.897003754916991376e-06,2.212942647310476785e-06,1.794870825426682795e-06,2.579212739435136450e-06,2.302993374138237168e-06,3.505000411220157218e-06,3.608215861881031864e-06,2.451103081181672240e-06,5.302487479723027803e-06,3.102707352165140452e-06,4.172010035605581244e-06,3.054277316610930992e-06,2.593209861783984146e-06,2.458116797930135845e-06,4.393167660834638876e-06,1.966244711688102037e-06,1.207338879713937992e-06,1.681798678851870995e-06,2.515666340269334227e-06,2.714110014067669561e-06,1.767640705809693810e-06,2.337672978394697975e-06,1.489475768096920972e-06,1.381502220991719127e-06,1.498131949063500430e-06,2.396611058659149331e-06,1.768710457644987032e-06,1.552608799038434559e-06,9.538817049377908364e-07,1.404935277258228846e-06,1.655197444304994215e-06,1.265671599709069922e-06,1.496129803110677524e-06,1.924309835199527651e-06,1.625461679006529725e-06,1.468220083631058482e-06,1.231318670949695389e-06,1.782297180655759785e-06,1.648473039436541620e-06,1.469812834213345008e-06,1.274799608355516789e-06,1.472771255833005577e-06,1.513021745356116324e-06,1.418541876556159211e-06,1.899415209161555000e-06,1.738559420124162469e-06,1.387133384159876199e-06,1.657008032550328205e-06,1.397187478757449091e-06,1.292859264171515676e-06,1.270806140011173644e-06,1.154930533767035404e-06,1.169204749932571558e-06
1.109609173516556544e-06,1.199201650025818565e-06,1.143386284238829347e-06,9.635386163295916037e-07,1.369142698778941699e-06,1.035776326357196958e-06,1.503234817611208650e-06,1.792031618461184326e-06,1.214293204267015786e-06,9.668414575098352043e-07,1.241470288420303146e-06,1.536895628547627633e-06,1.467543211194679590e-06,1.283095768927972818e-06,1.286567953840267693e-06,1.301667909151384607e-06,1.463070268845259635e-06,1.031004140377873194e-06,1.311734074144250997e-06,1.180017300563748708e-06,1.904038204142284375e-06,1.322825445804886005e-06,1.092019554754403837e-06,1.116878898251502246e-06,1.127851266579621116e-06,1.101955725535511176e-06,1.504595785013300558e-06,1.184255803328804122e-06,1.161688184097995940e-06,1.074546024433419268e-06,1.648969310930731092e-06,1.648680353387899771e-06,1.332352051041533378e-06,1.214888619634487302e-06,1.200170123358768536e-06,1.907167181886291854e-06,1.620852163043591727e-06,1.605305787227650517e-06,1.477603775451793271e-06,1.566018074812745098e-06,7.479082411007058681e-07,1.217696992389296871e-06,1.482422224423355038e-06,1.514367916117960493e-06,1.533640314788303641e-06,2.729451835057897837e-06,2.434519167085793757e-06,1.755938041941372327e-06,2.848375321339690983e-06,1.591882468522477970e-06,1.639341284662299468e-06,3.013824478430430289e-06,2.981794067959377631e-06,3.793716789427741485e-06,2.106641532031447125e-06,6.062291663883120258e-06,3.736461622166356896e-06,3.409072901606890168e-06,2.510467870417881649e-06,5.151485178033423873e-06,1.563195042620921455e-06,1.832502085796505815e-06,4.498721510808257590e-06,1.931971745111639563e-06,1.444630990698976542e-06,3.943050355763556161e-06,2.036694146255287750e-06,2.251620702357605128e-06,1.692886157659467662e-06,2.125515845642404193e-06,1.362516612105190685e-06,1.255917682083061634e-06,1.336098131379273299e-06,2.214282317033726562e-06,1.464969016721051618e-06,1.049240262571288559e-06,1.403938261516535940e-06,1.402905835756917151e-06,1.375768702560710817e-06,1.767439588146099463e-06,1.429767896272974011e-06,1.406294517919670366e-06,1.803252062249825928e-06,1.336800162664578462e-06,1.215619236834997625e-06,1.259130214720666704e-06,1.217061030321134170e-06,1.045522560948976410e-06,1.925592398284489981e-06,1.747103290916125045e-06,1.172894827832127288e-06,1.415879924413786063e-06,1.682922588247553640e-06,1.390748841007301967e-06,1.468920454279780389e-06,1.412414705563343297e-06,1.383264111740734650e-06,1.397274276913906216e-06,1.390402125753937715e-06,1.285640913942168611e-06
9.895405515105608010e-07,1.256971002448609871e-06,9.462250189621836388e-07,1.309297239070804273e-06,1.239464257227014987e-06,9.107195847186504048e-07,1.328476350642726525e-06,2.092123976434464791e-06,1.003119514156588899e-06,1.193109416588478172e-06,1.237822183280274659e-06,1.425777072756777794e-06,1.466641360308195022e-06,1.168953457291082226e-06,1.155166353206028898e-06,1.454900763614250876e-06,1.034943724349670061e-06,1.441285701160081584e-06,1.029494155454243997e-06,1.149637723773732743e-06,1.854291163926288338e-06,1.406263718366689968e-06,1.253063404758961358e-06,1.208074394365380151e-06,1.498764508989300339e-06,1.523470358141106740e-06,1.331882073472472213e-06,1.192056694261150654e-06,1.267369349567261373e-06,1.215385521877547664e-06,1.500687237072814402e-06,1.893944353590103124e-06,1.604444681308779322e-06,1.201284532848782543e-06,1.279899371612915119e-06,1.877058699394421521e-06,1.504584325456424507e-06,1.461457372554771489e-06,1.808437096432899283e-06,1.562083309927397906e-06,1.281413381205159500e-06,1.185267270233402227e-06,1.715972347258270215e-06,1.864272750303569118e-06,1.362923054224093675e-06,1.890074988434669169e-06,1.972849175803765405e-06,1.652298360939043197e-06,2.717726411635142178e-06,1.646978476934920582e-06,1.024032222956441499e-06,2.900734117521412744e-06,1.766358843651255292e-06,3.299797712339822319e-06,2.983079292248942269e-06,9.671864128776026590e-07,2.384643174474132750e-06,3.098648959200920562e-06,5.076426645739578554e-06,2.939639196108835342e-06,1.634573312803060451e-06,2.106545552143706060e-06,4.845592173966514689e-06,2.839757604648718661e-06,1.627117955323884509e-06,1.892423834499559213e-06,2.997705307045665230e-06,1.464527778935733058e-06,1.872818078205816539e-06,1.575611433702425440e-06,1.734767356467483260e-06,1.208235778601042201e-06,1.046898811064678495e-06,1.424197381455041329e-06,1.990816748405219971e-06,1.325423555398123535e-06,1.388338927559096354e-06,1.798560661823915031e-06,1.347556981905056542e-06,1.717632493747104341e-06,1.271934960702800416e-06,1.121235386259479853e-06,1.380335906604711812e-06,2.121509952988220668e-06,1.766305285037422698e-06,1.571926455137504231e-06,1.391751240882548724e-06,1.331272109413009251e-06,1.298802311508407785e-06,1.512129655998302650e-06,1.362898692948240283e-06,1.564514416700105556e-06,2.119381270699060120e-06,2.057062829666293391e-06,1.902840644952596828e-06,1.596319401094095237e-06,1.016712254498949549e-06,1.599715690016728970e-06,1.485754790048649904e-06,1.280606266219924413e-06
9.637709256591950009e-07,1.131286393235416667e-06,1.196013773777733955e-06,1.177356525659533625e-06,1.369038309831567703e-06,1.097684956220349425e-06,1.170175273419821099e-06,1.652217566361565773e-06,1.295443375097730263e-06,1.481342225101843297e-06,1.264480436124108006e-06,1.545145664348906089e-06,1.289876306928381516e-06,1.225554385806877005e-06,1.504157306088176195e-06,1.204194282902868360e-06,1.323900575142627442e-06,1.186793308432533653e-06,1.334150617375633682e-06,1.253392561550207987e-06,1.701772098412787701e-06,1.411164169795211340e-06,1.348888568019936135e-06,1.521793384148178584e-06,1.267245808843500035e-06,1.385193187301661094e-06,1.092996632811024536e-06,9.765124333593448193e-07,1.278524308387683168e-06,1.544286517621444235e-06,9.392782699207997742e-07,1.757248677832058418e-06,1.745063194955455841e-06,1.237285099428197647e-06,1.181883238095306915e-06,1.632330069078246089e-06,1.535066756254412519e-06,1.217139776374757909e-06,1.305157805298049030e-06,1.100616409870145103e-06,1.584043405222671626e-06,1.923341999238103782e-06,1.877667209131846176e-06,1.995873787456877413e-06,1.531549811833437038e-06,1.895949558757215180e-06,2.555166213543302447e-06,1.978350578194808323e-06,2.497919443673464628e-06,1.858793051527972352e-06,1.248187505241777783e-06,2.051411188220934455e-06,1.493557004380499561e-06,1.810142107117975597e-06,3.954054303118916555e-06,2.668685216999430387e-06,2.478826217839095836e-06,3.072680334044732925e-06,2.904466977611761347e-06,1.197331723554947762e-06,3.879828357049525967e-06,1.314605991300778759e-06,2.208904175379892732e-06,2.477866666750523305e-06,2.387305818571804127e-06,2.297321247063553839e-06,1.283275270322884865e-06,2.169834770383970716e-06,1.312147441815013555e-06,1.645679533544956808e-06,1.664564216329931103e-06,1.930211541564898133e-06,1.544532945634206142e-06,1.417575000660715702e-06,1.557136917599784102e-06,2.230518068880815133e-06,1.268977274225987950e-06,1.402813936078044435e-06,1.333304011778810637e-06,1.732262822710874460e-06,1.452187733797649779e-06,1.641927054930654362e-06,1.317881302171871936e-06,1.696696607350430308e-06,1.208098281357796600e-06,1.156140211641532695e-06,1.147232795923761490e-06,1.187110107521030677e-06,1.185040893114373468e-06,1.070764087283584768e-06,1.085942673530694256e-06,1.102572404384521715e-06,1.907323238967939861e-06,2.319167545859900723e-06,1.715698574635703792e-06,1.644062843599682236e-06,1.038435017345990463e-06,1.363421508834326427e-06,1.640622467830423358e-06,1.249197367000328563e-06
1.201819074524729314e-06,1.000675021043285848e-06,1.052507015678442915e-06,1.002080554325220717e-06,1.504046534348368291e-06,1.356583636229826505e-06,1.220329945858825004e-06,1.355560899025318373e-06,1.234521059026704033e-06,1.674708155817836856e-06,1.336082960523278983e-06,1.281476610854755766e-06,1.368677547070729256e-06,1.372668291226441199e-06,1.671167300686334652e-06,1.456175979583969851e-06,1.374833764252104989e-06,1.204750292850491156e-06,1.516008191310133632e-06,1.628311596415409805e-06,1.699134373114058945e-06,1.407952724312025272e-06,1.088713967116208053e-06,1.653018480415020528e-06,1.537875438547496447e-06,1.704211199706587255e-06,1.160464495208239877e-06,1.441687519433613782e-06,1.186465163154140024e-06,1.574432891065603869e-06,8.400855273294052111e-07,1.359810280463838109e-06,1.488728554717852653e-06,1.244082862690324612e-06,1.534272811809633709e-06,1.498857483147144225e-06,1.516754230479893945e-06,1.470697608375364304e-06,1.281350873595472116e-06,9.321748937246327985e-07,1.523240717645980023e-06,2.866999219223435072e-06,2.882859667403448017e-06,2.013206309214079495e-06,1.942694387939071249e-06,1.788736592326027310e-06,2.286718535259456843e-06,1.657946713264268543e-06,2.567560755747491577e-06,2.132261656288671510e-06,1.638248320317368412e-06,1.686289514930438089e-06,1.667989247546030277e-06,3.070181835395526819e-06,1.858405902564837449e-06,1.679163517224306244e-06,1.054356678184383183e-06,3.025865284549939921e-06,2.879293474916995273e-06,2.639571150130998576e-06,3.215142495473983994e-06,1.504948032720087426e-06,1.634664257260400200e-06,3.126705544447612715e-06,5.125112685174409614e-06,2.569161817364602988e-06,1.021138452398633180e-06,2.185562358355701661e-06,1.735414551691174324e-06,1.440538514159527608e-06,1.722471925340661126e-06,1.904911465335510964e-06,2.385767042689595540e-06,1.584700487160320482e-06,1.075952862206366504e-06,1.609424422002614441e-06,1.753641480427628971e-06,1.654976242972361676e-06,1.141548594953357271e-06,1.355144725494111466e-06,1.457734726592096791e-06,1.522127368694083540e-06,1.570631426351365268e-06,1.218861944483778746e-06,1.030434611726401050e-06,8.500012171112429368e-07,1.000611695381115664e-06,1.231548391321468353e-06,9.778541255504821788e-07,1.199620447651972348e-06,1.296391454923529456e-06,1.171228810718479191e-06,1.614179429807721049e-06,1.863987054286353157e-06,1.493687420378474955e-06,1.289246783690045618e-06,1.485740773019554828e-06,1.466203886067291634e-06,1.592704779064851687e-06,1.179978521377980238e-06
1.337137282257193516e-06,1.304500083221130390e-06,1.094321908195561809e-06,9.749336871766604634e-07,1.501115467821218141e-06,1.392171892097977452e-06,9.142848137573974268e-07,9.958903566360673483e-07,1.558598225306067110e-06,1.462254377949044887e-06,1.616576848061294681e-06,1.284403986309470045e-06,1.174241574764101384e-06,1.478731898739221545e-06,1.693590917250066100e-06,1.477249326939200733e-06,1.326613397643980866e-06,1.390974511611561043e-06,9.707698651849010886e-07,1.296834763426696466e-06,1.314841270232504497e-06,1.294996040607760034e-06,9.519552454408864909e-07,1.721202738516778096e-06,1.600770422785442696e-06,1.361739121171675318e-06,1.203422760758373974e-06,2.208907880164272230e-06,1.333259288969034200e-06,1.455112124673889447e-06,1.308023203647749184e-06,1.638844372803783769e-06,1.352491750635944401e-06,1.162645649837231920e-06,1.258605678109654090e-06,2.074566234891291396e-06,1.362497645283637147e-06,1.398094046213488520e-06,1.410719658153328050e-06,1.243433402226864504e-06,1.494252250578353076e-06,3.188058859781152384e-06,3.485044456594490069e-06,2.109550492907380311e-06,1.869100538238272559e-06,1.894794908119500260e-06,1.678920125592680155e-06,1.110398708814859634e-06,1.762494685549644500e-06,1.447619115167127337e-06,1.701602079582541365e-06,2.162482833154145946e-06,2.109727619840395410e-06,2.379186708839463948e-06,1.776379783585793464e-06,2.531303942858556322e-06,7.078864524715117472e-06,1.759295844096468155e-06,2.889885393140392233e-06,2.787029792722547720e-06,1.437199931101148274e-06,2.994198001721940063e-06,1.413982326439619185e-06,1.612707040919262573e-06,2.342983446519028055e-06,2.585129548534173350e-06,1.518815514272722504e-06,1.383287115645298827e-06,2.077932194487703933e-06,1.657484237268548732e-06,2.033750864414140210e-06,1.748496224966854368e-06,2.007758703317967996e-06,1.931214276925279250e-06,1.655396771703089968e-06,1.148599452574405042e-06,1.266359597531685690e-06,1.552958300970438797e-06,1.750121902557389417e-06,1.560769899383753488e-06,1.295971578957491533e-06,1.379364834945908794e-06,1.522594680216510952e-06,1.540229788163014396e-06,1.014761483513818175e-06,1.190269730549713110e-06,1.254695655417217348e-06,1.464979553389785292e-06,1.305507657618843085e-06,1.020857069469952785e-06,1.191671539967327879e-06,1.029319720427839093e-06,9.298834285804021229e-07,1.116888093448314166e-06,1.240004335327209186e-06,1.639864592910238178e-06,1.396964911487637090e-06,2.324262042955234290e-06,1.713139775009019343e-06,1.638344053008954491e-06
1.191880115731309344e-06,1.017715674492927767e-06,9.346454745720418097e-07,1.261473773092255395e-06,1.641340832866628160e-06,1.353876410004298743e-06,1.024665591890335095e-06,1.170220964003350077e-06,1.801160586017486755e-06,1.337610156418546834e-06,1.180151283269872888e-06,1.402257065144367983e-06,1.482978096490333169e-06,1.545389204345158376e-06,1.581998800887250858e-06,2.169884346973599086e-06,1.637001499562701343e-06,1.082592147613015546e-06,1.190242348730136408e-06,1.289593107235799986e-06,1.156446898972465325e-06,1.291414889879113415e-06,1.040419617316351912e-06,1.300183768253552162e-06,1.674680812009127725e-06,1.227257550973328365e-06,1.137591619286495455e-06,1.788980028463689253e-06,1.445152354022906639e-06,1.150769954346853129e-06,1.450870856542802750e-06,1.385896461548090790e-06,1.201751443295457180e-06,1.180475622587396008e-06,1.019008994350636615e-06,1.844179376910118267e-06,1.246222084607158181e-06,1.878083149913028918e-06,1.450380394770893521e-06,1.476464790310226173e-06,1.187938564265147796e-06,2.273132306362160346e-06,2.899202027865650693e-06,2.554123238576331431e-06,2.009602670377215475e-06,2.418311577083792480e-06,1.584705405420212266e-06,1.202449355667716403e-06,1.151961073121668105e-06,1.677050003738030193e-06,1.566334612507704691e-06,1.701320689133803573e-06,3.324697156803080374e-06,2.137775246423323650e-06,3.059148591027715174e-06,2.289568158864057432e-06,4.494197926017536537e-06,2.234585100883383274e-06,1.540367728236591270e-06,1.910836149147408015e-06,2.342868979693004522e-06,2.499472012879043666e-06,1.940395223095927137e-06,1.556661121461144173e-06,2.368028735900348774e-06,5.593442568591937046e-06,3.753134185794629062e-06,1.493009774805172183e-06,1.602279930801624076e-06,2.465543714163548417e-06,1.385142709061629807e-06,1.469245995606642596e-06,1.885674400060138383e-06,1.555309257796476701e-06,1.955569465831766924e-06,1.448902417173272650e-06,1.731278398092976941e-06,1.535032101033511164e-06,1.218934716059530354e-06,2.005736861380313460e-06,1.726538710849466400e-06,1.205998875821172841e-06,1.600851902324805592e-06,1.426807265434792422e-06,1.256448130408848878e-06,1.315938025346835374e-06,1.154472312519789877e-06,1.699928465683691160e-06,1.482962888221521436e-06,1.182262594883744983e-06,9.102298718579912512e-07,1.254545340024961165e-06,7.150849932132767832e-07,8.759552550840532594e-07,1.397842321699955289e-06,1.602023363887699652e-06,1.262752043141364506e-06,1.626309202054598182e-06,1.702645466179970977e-06,2.377579314917931761e-06
1.055262205508735286e-06,1.062362464872113576e-06,9.166867086201188634e-07,1.259033582802482391e-06,2.022696956932214918e-06,1.348395394224040107e-06,1.155788893285585691e-06,1.036721494090135742e-06,1.863595450040734076e-06,1.504880647608261113e-06,1.121813560685858096e-06,1.347866321869205048e-06,1.334791349182918432e-06,1.327248104975663564e-06,1.399262519329949591e-06,1.595098196625729076e-06,1.635441597293804450e-06,1.239141908884593038e-06,1.615395708734828313e-06,1.252600741090847587e-06,1.276549343334339500e-06,1.438600703847357560e-06,1.050931614510723472e-06,1.081847774358661531e-06,1.518957052376084366e-06,1.287257190128912986e-06,1.417872411945724555e-06,2.203356639739626511e-06,1.612301585535380446e-06,1.235025488846672276e-06,1.642021479304119769e-06,1.365152222856131119e-06,9.676487255251247392e-07,1.116802503188598154e-06,1.289968332320415240e-06,1.626238666808246952e-06,1.367710117323824518e-06,1.349943615568058743e-06,1.201254668449740328e-06,1.274893815536656330e-06,1.504195557214231374e-06,1.950632873936229894e-06,2.000053954631120188e-06,1.866212358862224017e-06,1.532911982914913343e-06,2.009508581791566358e-06,2.147781504439561642e-06,1.808047637207371028e-06,1.419640774592457646e-06,1.927022861843823707e-06,1.711303743953348450e-06,1.818847839643658067e-06,4.082576025225401661e-06,1.828296542976752532e-06,1.976859824441906861e-06,2.328330387224947829e-06,2.822915661028059725e-06,1.837267711643356300e-06,2.008904559543835456e-06,2.637414036837890106e-06,1.975181356330135198e-06,1.737139435559056427e-06,1.983552963396582624e-06,1.903867166565144198e-06,1.466726362048079698e-06,2.622141491791956015e-06,1.859225202737223668e-06,1.675286382022354066e-06,1.319845612546885466e-06,1.676672238334198818e-06,2.325285003664060189e-06,1.075544360027771558e-06,1.429176748245745168e-06,1.620357818624257417e-06,1.678667337097243734e-06,2.171492539414681943e-06,1.969913681898395703e-06,1.486079693447820788e-06,1.166332109487788132e-06,1.126687011060050767e-06,1.774354349063746856e-06,1.655420043772857458e-06,1.621848998920242798e-06,1.364727160957920029e-06,1.453300658462444601e-06,1.276644375381701756e-06,1.489181192941625386e-06,1.169133944221624530e-06,1.496711007015240042e-06,1.552329542099535858e-06,1.382010239961983833e-06,1.257414456359339062e-06,1.370869187912116850e-06,9.724898063027025556e-07,1.417441106549683521e-06,1.146002737566431678e-06,1.183627225267496774e-06,1.038960556669478946e-06,1.533990473997218991e-06,2.735755267690075377e-06
